<?xml version="1.0"?>
<opencv_storage>
<cameraindex>12</cameraindex>
<R type_id="opencv-matrix">
  <rows>3</rows>
  <cols>3</cols>
  <dt>f</dt>
  <data>
    1.43507160e-02 -1.13921508e-01 -9.93386388e-01 9.73704159e-02
    9.88925815e-01 -1.12003334e-01 9.95145082e-01 -9.51190516e-02
    2.52843704e-02</data></R>
<t type_id="opencv-matrix">
  <rows>3</rows>
  <cols>1</cols>
  <dt>f</dt>
  <data>
    7.13708028e-02 1.84238002e-01 3.62603998e+00</data></t>
<RT type_id="opencv-matrix">
  <rows>4</rows>
  <cols>4</cols>
  <dt>f</dt>
  <data>
    1.43507160e-02 -1.13921508e-01 -9.93386388e-01 7.13708028e-02
    9.73704159e-02 9.88925815e-01 -1.12003334e-01 1.84238002e-01
    9.95145082e-01 -9.51190516e-02 2.52843704e-02 3.62603998e+00 0. 0.
    0. 1.</data></RT>
 <!-- resumed -->

<IntrinsicCam type_id="opencv-matrix">
  <rows>3</rows>
  <cols>3</cols>
  <dt>f</dt>
  <data>
    4497. 0. 960. 0. 4497. 540. 0. 0. 1.</data></IntrinsicCam>
<DistortionCam type_id="opencv-matrix">
  <rows>1</rows>
  <cols>5</cols>
  <dt>f</dt>
  <data>
    0. 0. 0. 0. 0.</data></DistortionCam>
</opencv_storage>
