<?xml version="1.0"?>
<opencv_storage>
<cameraindex>13</cameraindex>
<R type_id="opencv-matrix">
  <rows>3</rows>
  <cols>3</cols>
  <dt>f</dt>
  <data>
    1.18837677e-01 -1.17875285e-01 -9.85892534e-01 9.68429223e-02
    9.89570081e-01 -1.06641725e-01 9.88180161e-01 -8.28035474e-02
    1.29013583e-01</data></R>
<t type_id="opencv-matrix">
  <rows>3</rows>
  <cols>1</cols>
  <dt>f</dt>
  <data>
    6.33236989e-02 1.83846995e-01 3.63453007e+00</data></t>
<RT type_id="opencv-matrix">
  <rows>4</rows>
  <cols>4</cols>
  <dt>f</dt>
  <data>
    1.18837677e-01 -1.17875285e-01 -9.85892534e-01 6.33236989e-02
    9.68429223e-02 9.89570081e-01 -1.06641725e-01 1.83846995e-01
    9.88180161e-01 -8.28035474e-02 1.29013583e-01 3.63453007e+00 0. 0.
    0. 1.</data></RT>
 <!-- resumed -->

<IntrinsicCam type_id="opencv-matrix">
  <rows>3</rows>
  <cols>3</cols>
  <dt>f</dt>
  <data>
    4.50018018e+03 0. 960. 0. 4.50018018e+03 540. 0. 0. 1.</data></IntrinsicCam>
<DistortionCam type_id="opencv-matrix">
  <rows>1</rows>
  <cols>5</cols>
  <dt>f</dt>
  <data>
    0. 0. 0. 0. 0.</data></DistortionCam>
</opencv_storage>
