<?xml version="1.0"?>
<opencv_storage>
<cameraindex>14</cameraindex>
<R type_id="opencv-matrix">
  <rows>3</rows>
  <cols>3</cols>
  <dt>f</dt>
  <data>
    2.21692517e-01 -1.20455988e-01 -9.67647851e-01 9.61678252e-02
    9.90203977e-01 -1.01231359e-01 9.70362723e-01 -7.06144050e-02
    2.31104806e-01</data></R>
<t type_id="opencv-matrix">
  <rows>3</rows>
  <cols>1</cols>
  <dt>f</dt>
  <data>
    5.46457991e-02 1.83504000e-01 3.61496997e+00</data></t>
<RT type_id="opencv-matrix">
  <rows>4</rows>
  <cols>4</cols>
  <dt>f</dt>
  <data>
    2.21692517e-01 -1.20455988e-01 -9.67647851e-01 5.46457991e-02
    9.61678252e-02 9.90203977e-01 -1.01231359e-01 1.83504000e-01
    9.70362723e-01 -7.06144050e-02 2.31104806e-01 3.61496997e+00 0. 0.
    0. 1.</data></RT>
 <!-- resumed -->

<IntrinsicCam type_id="opencv-matrix">
  <rows>3</rows>
  <cols>3</cols>
  <dt>f</dt>
  <data>
    4.50004980e+03 0. 960. 0. 4.50004980e+03 540. 0. 0. 1.</data></IntrinsicCam>
<DistortionCam type_id="opencv-matrix">
  <rows>1</rows>
  <cols>5</cols>
  <dt>f</dt>
  <data>
    0. 0. 0. 0. 0.</data></DistortionCam>
</opencv_storage>
