<?xml version="1.0"?>
<opencv_storage>
<cameraindex>17</cameraindex>
<R type_id="opencv-matrix">
  <rows>3</rows>
  <cols>3</cols>
  <dt>f</dt>
  <data>
    5.11803389e-01 -1.20544605e-01 -8.50603223e-01 8.99585709e-02
    9.92183685e-01 -8.64813030e-02 8.54379535e-01 -3.22576724e-02
    5.18647015e-01</data></R>
<t type_id="opencv-matrix">
  <rows>3</rows>
  <cols>1</cols>
  <dt>f</dt>
  <data>
    2.52698995e-02 1.82921007e-01 3.61163998e+00</data></t>
<RT type_id="opencv-matrix">
  <rows>4</rows>
  <cols>4</cols>
  <dt>f</dt>
  <data>
    5.11803389e-01 -1.20544605e-01 -8.50603223e-01 2.52698995e-02
    8.99585709e-02 9.92183685e-01 -8.64813030e-02 1.82921007e-01
    8.54379535e-01 -3.22576724e-02 5.18647015e-01 3.61163998e+00 0. 0.
    0. 1.</data></RT>
 <!-- resumed -->

<IntrinsicCam type_id="opencv-matrix">
  <rows>3</rows>
  <cols>3</cols>
  <dt>f</dt>
  <data>
    4.49506982e+03 0. 960. 0. 4.49506982e+03 540. 0. 0. 1.</data></IntrinsicCam>
<DistortionCam type_id="opencv-matrix">
  <rows>1</rows>
  <cols>5</cols>
  <dt>f</dt>
  <data>
    0. 0. 0. 0. 0.</data></DistortionCam>
</opencv_storage>
