<?xml version="1.0"?>
<opencv_storage>
<cameraindex>19</cameraindex>
<R type_id="opencv-matrix">
  <rows>3</rows>
  <cols>3</cols>
  <dt>f</dt>
  <data>
    6.78994179e-01 -1.13949686e-01 -7.25246191e-01 8.35155547e-02
    9.93456900e-01 -7.79011473e-02 7.29377627e-01 -7.67495483e-03
    6.84068024e-01</data></R>
<t type_id="opencv-matrix">
  <rows>3</rows>
  <cols>1</cols>
  <dt>f</dt>
  <data>
    4.16926993e-03 1.82734996e-01 3.60944009e+00</data></t>
<RT type_id="opencv-matrix">
  <rows>4</rows>
  <cols>4</cols>
  <dt>f</dt>
  <data>
    6.78994179e-01 -1.13949686e-01 -7.25246191e-01 4.16926993e-03
    8.35155547e-02 9.93456900e-01 -7.79011473e-02 1.82734996e-01
    7.29377627e-01 -7.67495483e-03 6.84068024e-01 3.60944009e+00 0. 0.
    0. 1.</data></RT>
 <!-- resumed -->

<IntrinsicCam type_id="opencv-matrix">
  <rows>3</rows>
  <cols>3</cols>
  <dt>f</dt>
  <data>
    4.50135986e+03 0. 960. 0. 4.50135986e+03 540. 0. 0. 1.</data></IntrinsicCam>
<DistortionCam type_id="opencv-matrix">
  <rows>1</rows>
  <cols>5</cols>
  <dt>f</dt>
  <data>
    0. 0. 0. 0. 0.</data></DistortionCam>
</opencv_storage>
