<?xml version="1.0"?>
<opencv_storage>
<cameraindex>2</cameraindex>
<R type_id="opencv-matrix">
  <rows>3</rows>
  <cols>3</cols>
  <dt>f</dt>
  <data>
    -8.57901573e-01 -1.91001110e-02 -5.13459802e-01 7.19874501e-02
    9.84984457e-01 -1.56918690e-01 5.08747101e-01 -1.71583369e-01
    -8.43644738e-01</data></R>
<t type_id="opencv-matrix">
  <rows>3</rows>
  <cols>1</cols>
  <dt>f</dt>
  <data>
    9.90153030e-02 1.89299002e-01 3.73991990e+00</data></t>
<RT type_id="opencv-matrix">
  <rows>4</rows>
  <cols>4</cols>
  <dt>f</dt>
  <data>
    -8.57901573e-01 -1.91001110e-02 -5.13459802e-01 9.90153030e-02
    7.19874501e-02 9.84984457e-01 -1.56918690e-01 1.89299002e-01
    5.08747101e-01 -1.71583369e-01 -8.43644738e-01 3.73991990e+00 0. 0.
    0. 1.</data></RT>
 <!-- resumed -->

<IntrinsicCam type_id="opencv-matrix">
  <rows>3</rows>
  <cols>3</cols>
  <dt>f</dt>
  <data>
    4.49960010e+03 0. 960. 0. 4.49960010e+03 540. 0. 0. 1.</data></IntrinsicCam>
<DistortionCam type_id="opencv-matrix">
  <rows>1</rows>
  <cols>5</cols>
  <dt>f</dt>
  <data>
    0. 0. 0. 0. 0.</data></DistortionCam>
</opencv_storage>
