<?xml version="1.0"?>
<opencv_storage>
<cameraindex>26</cameraindex>
<R type_id="opencv-matrix">
  <rows>3</rows>
  <cols>3</cols>
  <dt>f</dt>
  <data>
    9.94896531e-01 -5.54032102e-02 -8.43291134e-02 5.02709076e-02
    9.96820867e-01 -6.18140884e-02 8.74857157e-02 5.72593175e-02
    9.94518816e-01</data></R>
<t type_id="opencv-matrix">
  <rows>3</rows>
  <cols>1</cols>
  <dt>f</dt>
  <data>
    -6.52652979e-02 1.83930993e-01 3.63093996e+00</data></t>
<RT type_id="opencv-matrix">
  <rows>4</rows>
  <cols>4</cols>
  <dt>f</dt>
  <data>
    9.94896531e-01 -5.54032102e-02 -8.43291134e-02 -6.52652979e-02
    5.02709076e-02 9.96820867e-01 -6.18140884e-02 1.83930993e-01
    8.74857157e-02 5.72593175e-02 9.94518816e-01 3.63093996e+00 0. 0. 0.
    1.</data></RT>
 <!-- resumed -->

<IntrinsicCam type_id="opencv-matrix">
  <rows>3</rows>
  <cols>3</cols>
  <dt>f</dt>
  <data>
    4.49824023e+03 0. 960. 0. 4.49824023e+03 540. 0. 0. 1.</data></IntrinsicCam>
<DistortionCam type_id="opencv-matrix">
  <rows>1</rows>
  <cols>5</cols>
  <dt>f</dt>
  <data>
    0. 0. 0. 0. 0.</data></DistortionCam>
</opencv_storage>
