<?xml version="1.0"?>
<opencv_storage>
<cameraindex>32</cameraindex>
<R type_id="opencv-matrix">
  <rows>3</rows>
  <cols>3</cols>
  <dt>f</dt>
  <data>
    8.57907534e-01 1.90262310e-02 5.13451695e-01 1.92381181e-02
    9.97423947e-01 -6.91043362e-02 -5.13443828e-01 6.91629723e-02
    8.55331481e-01</data></R>
<t type_id="opencv-matrix">
  <rows>3</rows>
  <cols>1</cols>
  <dt>f</dt>
  <data>
    -9.89937037e-02 1.86670005e-01 3.68751001e+00</data></t>
<RT type_id="opencv-matrix">
  <rows>4</rows>
  <cols>4</cols>
  <dt>f</dt>
  <data>
    8.57907534e-01 1.90262310e-02 5.13451695e-01 -9.89937037e-02
    1.92381181e-02 9.97423947e-01 -6.91043362e-02 1.86670005e-01
    -5.13443828e-01 6.91629723e-02 8.55331481e-01 3.68751001e+00 0. 0.
    0. 1.</data></RT>
 <!-- resumed -->

<IntrinsicCam type_id="opencv-matrix">
  <rows>3</rows>
  <cols>3</cols>
  <dt>f</dt>
  <data>
    4.49816992e+03 0. 960. 0. 4.49816992e+03 540. 0. 0. 1.</data></IntrinsicCam>
<DistortionCam type_id="opencv-matrix">
  <rows>1</rows>
  <cols>5</cols>
  <dt>f</dt>
  <data>
    0. 0. 0. 0. 0.</data></DistortionCam>
</opencv_storage>
