<?xml version="1.0"?>
<opencv_storage>
<cameraindex>35</cameraindex>
<R type_id="opencv-matrix">
  <rows>3</rows>
  <cols>3</cols>
  <dt>f</dt>
  <data>
    6.57619953e-01 5.53796813e-02 7.51311123e-01 6.72401115e-03
    9.96823192e-01 -7.93619677e-02 -7.53319442e-01 5.72418161e-02
    6.55158460e-01</data></R>
<t type_id="opencv-matrix">
  <rows>3</rows>
  <cols>1</cols>
  <dt>f</dt>
  <data>
    -1.01953998e-01 1.88380003e-01 3.70800996e+00</data></t>
<RT type_id="opencv-matrix">
  <rows>4</rows>
  <cols>4</cols>
  <dt>f</dt>
  <data>
    6.57619953e-01 5.53796813e-02 7.51311123e-01 -1.01953998e-01
    6.72401115e-03 9.96823192e-01 -7.93619677e-02 1.88380003e-01
    -7.53319442e-01 5.72418161e-02 6.55158460e-01 3.70800996e+00 0. 0.
    0. 1.</data></RT>
 <!-- resumed -->

<IntrinsicCam type_id="opencv-matrix">
  <rows>3</rows>
  <cols>3</cols>
  <dt>f</dt>
  <data>
    4.49789990e+03 0. 960. 0. 4.49789990e+03 540. 0. 0. 1.</data></IntrinsicCam>
<DistortionCam type_id="opencv-matrix">
  <rows>1</rows>
  <cols>5</cols>
  <dt>f</dt>
  <data>
    0. 0. 0. 0. 0.</data></DistortionCam>
</opencv_storage>
