<?xml version="1.0"?>
<opencv_storage>
<cameraindex>41</cameraindex>
<R type_id="opencv-matrix">
  <rows>3</rows>
  <cols>3</cols>
  <dt>f</dt>
  <data>
    8.99360031e-02 1.08617976e-01 9.90006983e-01 -5.73982671e-03
    9.94075179e-01 -1.08542904e-01 -9.95931089e-01 4.07946110e-03
    9.00265947e-02</data></R>
<t type_id="opencv-matrix">
  <rows>3</rows>
  <cols>1</cols>
  <dt>f</dt>
  <data>
    -7.86328018e-02 1.91407993e-01 3.77453995e+00</data></t>
<RT type_id="opencv-matrix">
  <rows>4</rows>
  <cols>4</cols>
  <dt>f</dt>
  <data>
    8.99360031e-02 1.08617976e-01 9.90006983e-01 -7.86328018e-02
    -5.73982671e-03 9.94075179e-01 -1.08542904e-01 1.91407993e-01
    -9.95931089e-01 4.07946110e-03 9.00265947e-02 3.77453995e+00 0. 0.
    0. 1.</data></RT>
 <!-- resumed -->

<IntrinsicCam type_id="opencv-matrix">
  <rows>3</rows>
  <cols>3</cols>
  <dt>f</dt>
  <data>
    4.49854980e+03 0. 960. 0. 4.49854980e+03 540. 0. 0. 1.</data></IntrinsicCam>
<DistortionCam type_id="opencv-matrix">
  <rows>1</rows>
  <cols>5</cols>
  <dt>f</dt>
  <data>
    0. 0. 0. 0. 0.</data></DistortionCam>
</opencv_storage>
