<?xml version="1.0"?>
<opencv_storage>
<cameraindex>48</cameraindex>
<R type_id="opencv-matrix">
  <rows>3</rows>
  <cols>3</cols>
  <dt>f</dt>
  <data>
    -5.98833203e-01 1.17794275e-01 7.92164445e-01 4.21224162e-03
    9.89573836e-01 -1.43964753e-01 -8.00863385e-01 -8.28740075e-02
    -5.93085885e-01</data></R>
<t type_id="opencv-matrix">
  <rows>3</rows>
  <cols>1</cols>
  <dt>f</dt>
  <data>
    -1.47960000e-02 1.93247005e-01 3.80225992e+00</data></t>
<RT type_id="opencv-matrix">
  <rows>4</rows>
  <cols>4</cols>
  <dt>f</dt>
  <data>
    -5.98833203e-01 1.17794275e-01 7.92164445e-01 -1.47960000e-02
    4.21224162e-03 9.89573836e-01 -1.43964753e-01 1.93247005e-01
    -8.00863385e-01 -8.28740075e-02 -5.93085885e-01 3.80225992e+00 0. 0.
    0. 1.</data></RT>
 <!-- resumed -->

<IntrinsicCam type_id="opencv-matrix">
  <rows>3</rows>
  <cols>3</cols>
  <dt>f</dt>
  <data>
    4.50002002e+03 0. 960. 0. 4.50002002e+03 540. 0. 0. 1.</data></IntrinsicCam>
<DistortionCam type_id="opencv-matrix">
  <rows>1</rows>
  <cols>5</cols>
  <dt>f</dt>
  <data>
    0. 0. 0. 0. 0.</data></DistortionCam>
</opencv_storage>
