<?xml version="1.0"?>
<opencv_storage>
<cameraindex>5</cameraindex>
<R type_id="opencv-matrix">
  <rows>3</rows>
  <cols>3</cols>
  <dt>f</dt>
  <data>
    -6.57611191e-01 -5.53462990e-02 -7.51321971e-01 8.45938474e-02
    9.85565484e-01 -1.46644518e-01 7.48593271e-01 -1.59992263e-01
    -6.43436909e-01</data></R>
<t type_id="opencv-matrix">
  <rows>3</rows>
  <cols>1</cols>
  <dt>f</dt>
  <data>
    1.02031000e-01 1.87684998e-01 3.69436002e+00</data></t>
<RT type_id="opencv-matrix">
  <rows>4</rows>
  <cols>4</cols>
  <dt>f</dt>
  <data>
    -6.57611191e-01 -5.53462990e-02 -7.51321971e-01 1.02031000e-01
    8.45938474e-02 9.85565484e-01 -1.46644518e-01 1.87684998e-01
    7.48593271e-01 -1.59992263e-01 -6.43436909e-01 3.69436002e+00 0. 0.
    0. 1.</data></RT>
 <!-- resumed -->

<IntrinsicCam type_id="opencv-matrix">
  <rows>3</rows>
  <cols>3</cols>
  <dt>f</dt>
  <data>
    4.49789014e+03 0. 960. 0. 4.49789014e+03 540. 0. 0. 1.</data></IntrinsicCam>
<DistortionCam type_id="opencv-matrix">
  <rows>1</rows>
  <cols>5</cols>
  <dt>f</dt>
  <data>
    0. 0. 0. 0. 0.</data></DistortionCam>
</opencv_storage>
