<?xml version="1.0"?>
<opencv_storage>
<cameraindex>55</cameraindex>
<R type_id="opencv-matrix">
  <rows>3</rows>
  <cols>3</cols>
  <dt>f</dt>
  <data>
    -9.79978204e-01 6.65174201e-02 1.87663496e-01 3.56087908e-02
    9.85899866e-01 -1.63503647e-01 -1.95893258e-01 -1.53547585e-01
    -9.68528986e-01</data></R>
<t type_id="opencv-matrix">
  <rows>3</rows>
  <cols>1</cols>
  <dt>f</dt>
  <data>
    5.66543005e-02 1.92427993e-01 3.78619003e+00</data></t>
<RT type_id="opencv-matrix">
  <rows>4</rows>
  <cols>4</cols>
  <dt>f</dt>
  <data>
    -9.79978204e-01 6.65174201e-02 1.87663496e-01 5.66543005e-02
    3.56087908e-02 9.85899866e-01 -1.63503647e-01 1.92427993e-01
    -1.95893258e-01 -1.53547585e-01 -9.68528986e-01 3.78619003e+00 0. 0.
    0. 1.</data></RT>
 <!-- resumed -->

<IntrinsicCam type_id="opencv-matrix">
  <rows>3</rows>
  <cols>3</cols>
  <dt>f</dt>
  <data>
    4.49772021e+03 0. 960. 0. 4.49772021e+03 540. 0. 0. 1.</data></IntrinsicCam>
<DistortionCam type_id="opencv-matrix">
  <rows>1</rows>
  <cols>5</cols>
  <dt>f</dt>
  <data>
    0. 0. 0. 0. 0.</data></DistortionCam>
</opencv_storage>
