<?xml version="1.0"?>
<opencv_storage>
<cameraindex>58</cameraindex>
<R type_id="opencv-matrix">
  <rows>3</rows>
  <cols>3</cols>
  <dt>f</dt>
  <data>
    -9.91875231e-01 3.16317827e-02 -1.23214439e-01 5.17780781e-02
    9.85114992e-01 -1.63913175e-01 1.16195515e-01 -1.68961331e-01
    -9.78748918e-01</data></R>
<t type_id="opencv-matrix">
  <rows>3</rows>
  <cols>1</cols>
  <dt>f</dt>
  <data>
    8.02311003e-02 1.91322997e-01 3.78028011e+00</data></t>
<RT type_id="opencv-matrix">
  <rows>4</rows>
  <cols>4</cols>
  <dt>f</dt>
  <data>
    -9.91875231e-01 3.16317827e-02 -1.23214439e-01 8.02311003e-02
    5.17780781e-02 9.85114992e-01 -1.63913175e-01 1.91322997e-01
    1.16195515e-01 -1.68961331e-01 -9.78748918e-01 3.78028011e+00 0. 0.
    0. 1.</data></RT>
 <!-- resumed -->

<IntrinsicCam type_id="opencv-matrix">
  <rows>3</rows>
  <cols>3</cols>
  <dt>f</dt>
  <data>
    4.50297998e+03 0. 960. 0. 4.50297998e+03 540. 0. 0. 1.</data></IntrinsicCam>
<DistortionCam type_id="opencv-matrix">
  <rows>1</rows>
  <cols>5</cols>
  <dt>f</dt>
  <data>
    0. 0. 0. 0. 0.</data></DistortionCam>
</opencv_storage>
