<?xml version="1.0"?>
<opencv_storage>
<cameraindex>6</cameraindex>
<R type_id="opencv-matrix">
  <rows>3</rows>
  <cols>3</cols>
  <dt>f</dt>
  <data>
    -5.75539768e-01 -6.63858503e-02 -8.15074265e-01 8.78700167e-02
    9.85908866e-01 -1.42346665e-01 8.13038766e-01 -1.53546825e-01
    -5.61596453e-01</data></R>
<t type_id="opencv-matrix">
  <rows>3</rows>
  <cols>1</cols>
  <dt>f</dt>
  <data>
    1.00766003e-01 1.87145993e-01 3.68822002e+00</data></t>
<RT type_id="opencv-matrix">
  <rows>4</rows>
  <cols>4</cols>
  <dt>f</dt>
  <data>
    -5.75539768e-01 -6.63858503e-02 -8.15074265e-01 1.00766003e-01
    8.78700167e-02 9.85908866e-01 -1.42346665e-01 1.87145993e-01
    8.13038766e-01 -1.53546825e-01 -5.61596453e-01 3.68822002e+00 0. 0.
    0. 1.</data></RT>
 <!-- resumed -->

<IntrinsicCam type_id="opencv-matrix">
  <rows>3</rows>
  <cols>3</cols>
  <dt>f</dt>
  <data>
    4.49791016e+03 0. 960. 0. 4.49791016e+03 540. 0. 0. 1.</data></IntrinsicCam>
<DistortionCam type_id="opencv-matrix">
  <rows>1</rows>
  <cols>5</cols>
  <dt>f</dt>
  <data>
    0. 0. 0. 0. 0.</data></DistortionCam>
</opencv_storage>
