<?xml version="1.0"?>
<opencv_storage>
<cameraindex>9</cameraindex>
<R type_id="opencv-matrix">
  <rows>3</rows>
  <cols>3</cols>
  <dt>f</dt>
  <data>
    -2.94853598e-01 -9.48195606e-02 -9.50825095e-01 9.49388295e-02
    9.87233758e-01 -1.27891153e-01 9.50813174e-01 -1.27979606e-01
    -2.82087326e-01</data></R>
<t type_id="opencv-matrix">
  <rows>3</rows>
  <cols>1</cols>
  <dt>f</dt>
  <data>
    9.04799998e-02 1.85570002e-01 3.66095996e+00</data></t>
<RT type_id="opencv-matrix">
  <rows>4</rows>
  <cols>4</cols>
  <dt>f</dt>
  <data>
    -2.94853598e-01 -9.48195606e-02 -9.50825095e-01 9.04799998e-02
    9.49388295e-02 9.87233758e-01 -1.27891153e-01 1.85570002e-01
    9.50813174e-01 -1.27979606e-01 -2.82087326e-01 3.66095996e+00 0. 0.
    0. 1.</data></RT>
 <!-- resumed -->

<IntrinsicCam type_id="opencv-matrix">
  <rows>3</rows>
  <cols>3</cols>
  <dt>f</dt>
  <data>
    4.50056006e+03 0. 960. 0. 4.50056006e+03 540. 0. 0. 1.</data></IntrinsicCam>
<DistortionCam type_id="opencv-matrix">
  <rows>1</rows>
  <cols>5</cols>
  <dt>f</dt>
  <data>
    0. 0. 0. 0. 0.</data></DistortionCam>
</opencv_storage>
