<?xml version="1.0"?>
<opencv_storage>
<P type_id="opencv-matrix">
  <rows>4</rows>
  <cols>4</cols>
  <dt>f</dt>
  <data>
    -4.44807324e+03 -1.17634644e+03 4.94990196e+01 16921042.
    3.75051537e+01 -7.70433716e+02 -4.46616455e+03 14012112.
    4.85479757e-02 -9.97488618e-01 5.15697934e-02 1.76260898e+04 0. 0.
    0. 1.</data></P>
<IntrinsicCam type_id="opencv-matrix">
  <rows>3</rows>
  <cols>3</cols>
  <dt>f</dt>
  <data>
    4500. 0. 960. 0. 4500. 540. 0. 0. 1.</data></IntrinsicCam>
<DistortionCam type_id="opencv-matrix">
  <rows>1</rows>
  <cols>5</cols>
  <dt>f</dt>
  <data>
    0. 0. 0. 0. 0.</data></DistortionCam>
<RT type_id="opencv-matrix">
  <rows>4</rows>
  <cols>4</cols>
  <dt>f</dt>
  <data>
    -9.98817563e-01 -4.86127511e-02 -1.77345873e-06 -9.41917766e-04
    2.50872155e-03 -5.15088588e-02 -9.98669326e-01 9.98671753e+02
    4.85479757e-02 -9.97488618e-01 5.15697934e-02 1.76260898e+04 0. 0.
    0. 1.</data></RT>
<R type_id="opencv-matrix">
  <rows>3</rows>
  <cols>3</cols>
  <dt>f</dt>
  <data>
    -9.98817563e-01 -4.86127511e-02 -1.77345873e-06 2.50872155e-03
    -5.15088588e-02 -9.98669326e-01 4.85479757e-02 -9.97488618e-01
    5.15697934e-02</data></R>
<t type_id="opencv-matrix">
  <rows>3</rows>
  <cols>1</cols>
  <dt>f</dt>
  <data>
    -9.41917766e-04 9.98671753e+02 1.76260898e+04</data></t>
</opencv_storage>
