<?xml version="1.0"?>
<opencv_storage>
<P type_id="opencv-matrix">
  <rows>4</rows>
  <cols>4</cols>
  <dt>f</dt>
  <data>
    -1.20571619e+03 -4.44020068e+03 4.97178345e+01 16848380.
    6.86801636e+02 -3.53255463e+02 -4.46599561e+03 13971183.
    8.88071835e-01 -4.56778377e-01 5.17889336e-02 1.75504141e+04 0. 0.
    0. 1.</data></P>
<IntrinsicCam type_id="opencv-matrix">
  <rows>3</rows>
  <cols>3</cols>
  <dt>f</dt>
  <data>
    4500. 0. 960. 0. 4500. 540. 0. 0. 1.</data></IntrinsicCam>
<DistortionCam type_id="opencv-matrix">
  <rows>1</rows>
  <cols>5</cols>
  <dt>f</dt>
  <data>
    0. 0. 0. 0. 0.</data></DistortionCam>
<RT type_id="opencv-matrix">
  <rows>4</rows>
  <cols>4</cols>
  <dt>f</dt>
  <data>
    -4.57392275e-01 -8.89265180e-01 1.01755923e-07 -3.91524564e-03
    4.60539646e-02 -2.36878078e-02 -9.98658121e-01 9.98657593e+02
    8.88071835e-01 -4.56778377e-01 5.17889336e-02 1.75504141e+04 0. 0.
    0. 1.</data></RT>
<R type_id="opencv-matrix">
  <rows>3</rows>
  <cols>3</cols>
  <dt>f</dt>
  <data>
    -4.57392275e-01 -8.89265180e-01 1.01755923e-07 4.60539646e-02
    -2.36878078e-02 -9.98658121e-01 8.88071835e-01 -4.56778377e-01
    5.17889336e-02</data></R>
<t type_id="opencv-matrix">
  <rows>3</rows>
  <cols>1</cols>
  <dt>f</dt>
  <data>
    -3.91524564e-03 9.98657593e+02 1.75504141e+04</data></t>
</opencv_storage>
