<?xml version="1.0"?>
<opencv_storage>
<P type_id="opencv-matrix">
  <rows>4</rows>
  <cols>4</cols>
  <dt>f</dt>
  <data>
    -2.56047363e+02 -4.59386230e+03 4.97339478e+01 16842572.
    7.45321655e+02 -2.02737305e+02 -4.46598193e+03 13967901.
    9.63642657e-01 -2.62124002e-01 5.18063717e-02 1.75443477e+04 0. 0.
    0. 1.</data></P>
<IntrinsicCam type_id="opencv-matrix">
  <rows>3</rows>
  <cols>3</cols>
  <dt>f</dt>
  <data>
    4500. 0. 960. 0. 4500. 540. 0. 0. 1.</data></IntrinsicCam>
<DistortionCam type_id="opencv-matrix">
  <rows>1</rows>
  <cols>5</cols>
  <dt>f</dt>
  <data>
    0. 0. 0. 0. 0.</data></DistortionCam>
<RT type_id="opencv-matrix">
  <rows>4</rows>
  <cols>4</cols>
  <dt>f</dt>
  <data>
    -2.62476504e-01 -9.64938462e-01 -3.74625628e-08 -4.84969292e-04
    4.99899201e-02 -1.35978544e-02 -9.98657227e-01 9.98656189e+02
    9.63642657e-01 -2.62124002e-01 5.18063717e-02 1.75443477e+04 0. 0.
    0. 1.</data></RT>
<R type_id="opencv-matrix">
  <rows>3</rows>
  <cols>3</cols>
  <dt>f</dt>
  <data>
    -2.62476504e-01 -9.64938462e-01 -3.74625628e-08 4.99899201e-02
    -1.35978544e-02 -9.98657227e-01 9.63642657e-01 -2.62124002e-01
    5.18063717e-02</data></R>
<t type_id="opencv-matrix">
  <rows>3</rows>
  <cols>1</cols>
  <dt>f</dt>
  <data>
    -4.84969292e-04 9.98656189e+02 1.75443477e+04</data></t>
</opencv_storage>
