<?xml version="1.0"?>
<opencv_storage>
<P type_id="opencv-matrix">
  <rows>4</rows>
  <cols>4</cols>
  <dt>f</dt>
  <data>
    7.04846313e+02 -4.54668213e+03 4.97429428e+01 16839662.
    7.71227112e+02 -4.33182640e+01 -4.46597510e+03 13966270.
    9.97085154e-01 -5.60036525e-02 5.18151224e-02 1.75413145e+04 0. 0.
    0. 1.</data></P>
<IntrinsicCam type_id="opencv-matrix">
  <rows>3</rows>
  <cols>3</cols>
  <dt>f</dt>
  <data>
    4500. 0. 960. 0. 4500. 540. 0. 0. 1.</data></IntrinsicCam>
<DistortionCam type_id="opencv-matrix">
  <rows>1</rows>
  <cols>5</cols>
  <dt>f</dt>
  <data>
    0. 0. 0. 0. 0.</data></DistortionCam>
<RT type_id="opencv-matrix">
  <rows>4</rows>
  <cols>4</cols>
  <dt>f</dt>
  <data>
    -5.60789816e-02 -9.98426318e-01 9.52138564e-08 1.13652379e-04
    5.17335869e-02 -2.90584238e-03 -9.98656690e-01 9.98657776e+02
    9.97085154e-01 -5.60036525e-02 5.18151224e-02 1.75413145e+04 0. 0.
    0. 1.</data></RT>
<R type_id="opencv-matrix">
  <rows>3</rows>
  <cols>3</cols>
  <dt>f</dt>
  <data>
    -5.60789816e-02 -9.98426318e-01 9.52138564e-08 5.17335869e-02
    -2.90584238e-03 -9.98656690e-01 9.97085154e-01 -5.60036525e-02
    5.18151224e-02</data></R>
<t type_id="opencv-matrix">
  <rows>3</rows>
  <cols>1</cols>
  <dt>f</dt>
  <data>
    1.13652379e-04 9.98657776e+02 1.75413145e+04</data></t>
</opencv_storage>
