<?xml version="1.0"?>
<opencv_storage>
<P type_id="opencv-matrix">
  <rows>4</rows>
  <cols>4</cols>
  <dt>f</dt>
  <data>
    1.17634595e+03 -4.44807324e+03 4.95340347e+01 16910808.
    7.70560608e+02 3.75042534e+01 -4.46614258e+03 14006341.
    9.97487247e-01 4.85482290e-02 5.15983030e-02 1.76154375e+04 0. 0. 0.
    1.</data></P>
<IntrinsicCam type_id="opencv-matrix">
  <rows>3</rows>
  <cols>3</cols>
  <dt>f</dt>
  <data>
    4500. 0. 960. 0. 4500. 540. 0. 0. 1.</data></IntrinsicCam>
<DistortionCam type_id="opencv-matrix">
  <rows>1</rows>
  <cols>5</cols>
  <dt>f</dt>
  <data>
    0. 0. 0. 0. 0.</data></DistortionCam>
<RT type_id="opencv-matrix">
  <rows>4</rows>
  <cols>4</cols>
  <dt>f</dt>
  <data>
    4.86129150e-02 -9.98817742e-01 -7.46552615e-08 -2.67894636e-03
    5.15372194e-02 2.50849104e-03 -9.98668015e-01 9.98667786e+02
    9.97487247e-01 4.85482290e-02 5.15983030e-02 1.76154375e+04 0. 0. 0.
    1.</data></RT>
<R type_id="opencv-matrix">
  <rows>3</rows>
  <cols>3</cols>
  <dt>f</dt>
  <data>
    4.86129150e-02 -9.98817742e-01 -7.46552615e-08 5.15372194e-02
    2.50849104e-03 -9.98668015e-01 9.97487247e-01 4.85482290e-02
    5.15983030e-02</data></R>
<t type_id="opencv-matrix">
  <rows>3</rows>
  <cols>1</cols>
  <dt>f</dt>
  <data>
    -2.67894636e-03 9.98667786e+02 1.76154375e+04</data></t>
</opencv_storage>
