<?xml version="1.0"?>
<opencv_storage>
<P type_id="opencv-matrix">
  <rows>4</rows>
  <cols>4</cols>
  <dt>f</dt>
  <data>
    2.07516650e+03 -4.10643750e+03 4.95636330e+01 16900732.
    7.46070068e+02 1.96877136e+02 -4.46611963e+03 14000660.
    9.65611756e-01 2.54810661e-01 5.16288355e-02 1.76049277e+04 0. 0. 0.
    1.</data></P>
<IntrinsicCam type_id="opencv-matrix">
  <rows>3</rows>
  <cols>3</cols>
  <dt>f</dt>
  <data>
    4500. 0. 960. 0. 4500. 540. 0. 0. 1.</data></IntrinsicCam>
<DistortionCam type_id="opencv-matrix">
  <rows>1</rows>
  <cols>5</cols>
  <dt>f</dt>
  <data>
    0. 0. 0. 0. 0.</data></DistortionCam>
<RT type_id="opencv-matrix">
  <rows>4</rows>
  <cols>4</cols>
  <dt>f</dt>
  <data>
    2.55150914e-01 -9.66901302e-01 -1.07959117e-08 4.89235739e-04
    4.99199368e-02 1.31731927e-02 -9.98666406e-01 9.98666443e+02
    9.65611756e-01 2.54810661e-01 5.16288355e-02 1.76049277e+04 0. 0. 0.
    1.</data></RT>
<R type_id="opencv-matrix">
  <rows>3</rows>
  <cols>3</cols>
  <dt>f</dt>
  <data>
    2.55150914e-01 -9.66901302e-01 -1.07959117e-08 4.99199368e-02
    1.31731927e-02 -9.98666406e-01 9.65611756e-01 2.54810661e-01
    5.16288355e-02</data></R>
<t type_id="opencv-matrix">
  <rows>3</rows>
  <cols>1</cols>
  <dt>f</dt>
  <data>
    4.89235739e-04 9.98666443e+02 1.76049277e+04</data></t>
</opencv_storage>
