<?xml version="1.0"?>
<opencv_storage>
<P type_id="opencv-matrix">
  <rows>4</rows>
  <cols>4</cols>
  <dt>f</dt>
  <data>
    2.88345361e+03 -3.58536401e+03 4.96148338e+01 16883312.
    6.89059204e+02 3.47771729e+02 -4.46607812e+03 13990856.
    8.91547799e-01 4.49968547e-01 5.16819470e-02 1.75867793e+04 0. 0. 0.
    1.</data></P>
<IntrinsicCam type_id="opencv-matrix">
  <rows>3</rows>
  <cols>3</cols>
  <dt>f</dt>
  <data>
    4500. 0. 960. 0. 4500. 540. 0. 0. 1.</data></IntrinsicCam>
<DistortionCam type_id="opencv-matrix">
  <rows>1</rows>
  <cols>5</cols>
  <dt>f</dt>
  <data>
    0. 0. 0. 0. 0.</data></DistortionCam>
<RT type_id="opencv-matrix">
  <rows>4</rows>
  <cols>4</cols>
  <dt>f</dt>
  <data>
    4.50570613e-01 -8.92740846e-01 3.61510608e-08 9.73366317e-04
    4.61385250e-02 2.32863817e-02 -9.98663664e-01 9.98665405e+02
    8.91547799e-01 4.49968547e-01 5.16819470e-02 1.75867793e+04 0. 0. 0.
    1.</data></RT>
<R type_id="opencv-matrix">
  <rows>3</rows>
  <cols>3</cols>
  <dt>f</dt>
  <data>
    4.50570613e-01 -8.92740846e-01 3.61510608e-08 4.61385250e-02
    2.32863817e-02 -9.98663664e-01 8.91547799e-01 4.49968547e-01
    5.16819470e-02</data></R>
<t type_id="opencv-matrix">
  <rows>3</rows>
  <cols>1</cols>
  <dt>f</dt>
  <data>
    9.73366317e-04 9.98665405e+02 1.75867793e+04</data></t>
</opencv_storage>
