<?xml version="1.0"?>
<opencv_storage>
<P type_id="opencv-matrix">
  <rows>4</rows>
  <cols>4</cols>
  <dt>f</dt>
  <data>
    -4.10643896e+03 -2.07516650e+03 4.95652695e+01 16900736.
    1.96879929e+02 -7.46078918e+02 -4.46611768e+03 14000642.
    2.54810601e-01 -9.65611756e-01 5.16311303e-02 1.76049180e+04 0. 0.
    0. 1.</data></P>
<IntrinsicCam type_id="opencv-matrix">
  <rows>3</rows>
  <cols>3</cols>
  <dt>f</dt>
  <data>
    4500. 0. 960. 0. 4500. 540. 0. 0. 1.</data></IntrinsicCam>
<DistortionCam type_id="opencv-matrix">
  <rows>1</rows>
  <cols>5</cols>
  <dt>f</dt>
  <data>
    0. 0. 0. 0. 0.</data></DistortionCam>
<RT type_id="opencv-matrix">
  <rows>4</rows>
  <cols>4</cols>
  <dt>f</dt>
  <data>
    -9.66901541e-01 -2.55150914e-01 -1.36336325e-07 2.94173625e-03
    1.31738251e-02 -4.99219038e-02 -9.98666346e-01 9.98663635e+02
    2.54810601e-01 -9.65611756e-01 5.16311303e-02 1.76049180e+04 0. 0.
    0. 1.</data></RT>
<R type_id="opencv-matrix">
  <rows>3</rows>
  <cols>3</cols>
  <dt>f</dt>
  <data>
    -9.66901541e-01 -2.55150914e-01 -1.36336325e-07 1.31738251e-02
    -4.99219038e-02 -9.98666346e-01 2.54810601e-01 -9.65611756e-01
    5.16311303e-02</data></R>
<t type_id="opencv-matrix">
  <rows>3</rows>
  <cols>1</cols>
  <dt>f</dt>
  <data>
    2.94173625e-03 9.98663635e+02 1.76049180e+04</data></t>
</opencv_storage>
