<?xml version="1.0"?>
<opencv_storage>
<P type_id="opencv-matrix">
  <rows>4</rows>
  <cols>4</cols>
  <dt>f</dt>
  <data>
    3.24308057e+03 -3.26367261e+03 4.97170334e+01 16848386.
    6.49248840e+02 4.18281677e+02 -4.46599658e+03 13971204.
    8.39516222e-01 5.40861189e-01 5.17885573e-02 1.75504238e+04 0. 0. 0.
    1.</data></P>
<IntrinsicCam type_id="opencv-matrix">
  <rows>3</rows>
  <cols>3</cols>
  <dt>f</dt>
  <data>
    4500. 0. 960. 0. 4500. 540. 0. 0. 1.</data></IntrinsicCam>
<DistortionCam type_id="opencv-matrix">
  <rows>1</rows>
  <cols>5</cols>
  <dt>f</dt>
  <data>
    0. 0. 0. 0. 0.</data></DistortionCam>
<RT type_id="opencv-matrix">
  <rows>4</rows>
  <cols>4</cols>
  <dt>f</dt>
  <data>
    5.41587770e-01 -8.40644300e-01 3.96138589e-09 -4.39488143e-03
    4.35355790e-02 2.80481428e-02 -9.98658299e-01 9.98661133e+02
    8.39516222e-01 5.40861189e-01 5.17885573e-02 1.75504238e+04 0. 0. 0.
    1.</data></RT>
<R type_id="opencv-matrix">
  <rows>3</rows>
  <cols>3</cols>
  <dt>f</dt>
  <data>
    5.41587770e-01 -8.40644300e-01 3.96138589e-09 4.35355790e-02
    2.80481428e-02 -9.98658299e-01 8.39516222e-01 5.40861189e-01
    5.17885573e-02</data></R>
<t type_id="opencv-matrix">
  <rows>3</rows>
  <cols>1</cols>
  <dt>f</dt>
  <data>
    -4.39488143e-03 9.98661133e+02 1.75504238e+04</data></t>
</opencv_storage>
