<?xml version="1.0"?>
<opencv_storage>
<P type_id="opencv-matrix">
  <rows>4</rows>
  <cols>4</cols>
  <dt>f</dt>
  <data>
    3.56583911e+03 -2.90756323e+03 4.96570206e+01 16868778.
    6.01857178e+02 4.83550690e+02 -4.46604346e+03 13982661.
    7.78518677e-01 6.25486195e-01 5.17261624e-02 1.75716387e+04 0. 0. 0.
    1.</data></P>
<IntrinsicCam type_id="opencv-matrix">
  <rows>3</rows>
  <cols>3</cols>
  <dt>f</dt>
  <data>
    4500. 0. 960. 0. 4500. 540. 0. 0. 1.</data></IntrinsicCam>
<DistortionCam type_id="opencv-matrix">
  <rows>1</rows>
  <cols>5</cols>
  <dt>f</dt>
  <data>
    0. 0. 0. 0. 0.</data></DistortionCam>
<RT type_id="opencv-matrix">
  <rows>4</rows>
  <cols>4</cols>
  <dt>f</dt>
  <data>
    6.26324713e-01 -7.79562235e-01 -2.14533280e-08 9.78459255e-04
    4.03238013e-02 3.23973671e-02 -9.98661220e-01 9.98661316e+02
    7.78518677e-01 6.25486195e-01 5.17261624e-02 1.75716387e+04 0. 0. 0.
    1.</data></RT>
<R type_id="opencv-matrix">
  <rows>3</rows>
  <cols>3</cols>
  <dt>f</dt>
  <data>
    6.26324713e-01 -7.79562235e-01 -2.14533280e-08 4.03238013e-02
    3.23973671e-02 -9.98661220e-01 7.78518677e-01 6.25486195e-01
    5.17261624e-02</data></R>
<t type_id="opencv-matrix">
  <rows>3</rows>
  <cols>1</cols>
  <dt>f</dt>
  <data>
    9.78459255e-04 9.98661316e+02 1.75716387e+04</data></t>
</opencv_storage>
