<?xml version="1.0"?>
<opencv_storage>
<P type_id="opencv-matrix">
  <rows>4</rows>
  <cols>4</cols>
  <dt>f</dt>
  <data>
    4.09244409e+03 -2.10262549e+03 4.96912231e+01 16857144.
    4.88266846e+02 5.98244141e+02 -4.46601611e+03 13976117.
    6.31454885e-01 7.73683071e-01 5.17619886e-02 1.75595215e+04 0. 0. 0.
    1.</data></P>
<IntrinsicCam type_id="opencv-matrix">
  <rows>3</rows>
  <cols>3</cols>
  <dt>f</dt>
  <data>
    4500. 0. 960. 0. 4500. 540. 0. 0. 1.</data></IntrinsicCam>
<DistortionCam type_id="opencv-matrix">
  <rows>1</rows>
  <cols>5</cols>
  <dt>f</dt>
  <data>
    0. 0. 0. 0. 0.</data></DistortionCam>
<RT type_id="opencv-matrix">
  <rows>4</rows>
  <cols>4</cols>
  <dt>f</dt>
  <data>
    7.74721622e-01 -6.32302523e-01 -6.39165165e-08 9.82213183e-04
    3.27291600e-02 4.01011780e-02 -9.98659492e-01 9.98661133e+02
    6.31454885e-01 7.73683071e-01 5.17619886e-02 1.75595215e+04 0. 0. 0.
    1.</data></RT>
<R type_id="opencv-matrix">
  <rows>3</rows>
  <cols>3</cols>
  <dt>f</dt>
  <data>
    7.74721622e-01 -6.32302523e-01 -6.39165165e-08 3.27291600e-02
    4.01011780e-02 -9.98659492e-01 6.31454885e-01 7.73683071e-01
    5.17619886e-02</data></R>
<t type_id="opencv-matrix">
  <rows>3</rows>
  <cols>1</cols>
  <dt>f</dt>
  <data>
    9.82213183e-04 9.98661133e+02 1.75595215e+04</data></t>
</opencv_storage>
