<?xml version="1.0"?>
<opencv_storage>
<P type_id="opencv-matrix">
  <rows>4</rows>
  <cols>4</cols>
  <dt>f</dt>
  <data>
    4.29020361e+03 -1.66231433e+03 4.96576538e+01 16868776.
    4.22819305e+02 6.45972839e+02 -4.46604395e+03 13982680.
    5.46927273e-01 8.35580826e-01 5.17267175e-02 1.75716484e+04 0. 0. 0.
    1.</data></P>
<IntrinsicCam type_id="opencv-matrix">
  <rows>3</rows>
  <cols>3</cols>
  <dt>f</dt>
  <data>
    4500. 0. 960. 0. 4500. 540. 0. 0. 1.</data></IntrinsicCam>
<DistortionCam type_id="opencv-matrix">
  <rows>1</rows>
  <cols>5</cols>
  <dt>f</dt>
  <data>
    0. 0. 0. 0. 0.</data></DistortionCam>
<RT type_id="opencv-matrix">
  <rows>4</rows>
  <cols>4</cols>
  <dt>f</dt>
  <data>
    8.36700737e-01 -5.47660410e-01 6.57955468e-10 -1.46490196e-03
    2.83285715e-02 4.32798155e-02 -9.98661458e-01 9.98664490e+02
    5.46927273e-01 8.35580826e-01 5.17267175e-02 1.75716484e+04 0. 0. 0.
    1.</data></RT>
<R type_id="opencv-matrix">
  <rows>3</rows>
  <cols>3</cols>
  <dt>f</dt>
  <data>
    8.36700737e-01 -5.47660410e-01 6.57955468e-10 2.83285715e-02
    4.32798155e-02 -9.98661458e-01 5.46927273e-01 8.35580826e-01
    5.17267175e-02</data></R>
<t type_id="opencv-matrix">
  <rows>3</rows>
  <cols>1</cols>
  <dt>f</dt>
  <data>
    -1.46490196e-03 9.98664490e+02 1.75716484e+04</data></t>
</opencv_storage>
