<?xml version="1.0"?>
<opencv_storage>
<P type_id="opencv-matrix">
  <rows>4</rows>
  <cols>4</cols>
  <dt>f</dt>
  <data>
    4.44019971e+03 -1.20571729e+03 4.97174835e+01 16848406.
    3.53255737e+02 6.86802124e+02 -4.46599609e+03 13971200.
    4.56778675e-01 8.88071716e-01 5.17889410e-02 1.75504277e+04 0. 0. 0.
    1.</data></P>
<IntrinsicCam type_id="opencv-matrix">
  <rows>3</rows>
  <cols>3</cols>
  <dt>f</dt>
  <data>
    4500. 0. 960. 0. 4500. 540. 0. 0. 1.</data></IntrinsicCam>
<DistortionCam type_id="opencv-matrix">
  <rows>1</rows>
  <cols>5</cols>
  <dt>f</dt>
  <data>
    0. 0. 0. 0. 0.</data></DistortionCam>
<RT type_id="opencv-matrix">
  <rows>4</rows>
  <cols>4</cols>
  <dt>f</dt>
  <data>
    8.89264941e-01 -4.57392454e-01 2.18526477e-08 -9.78494296e-04
    2.36878283e-02 4.60540950e-02 -9.98658180e-01 9.98659912e+02
    4.56778675e-01 8.88071716e-01 5.17889410e-02 1.75504277e+04 0. 0. 0.
    1.</data></RT>
<R type_id="opencv-matrix">
  <rows>3</rows>
  <cols>3</cols>
  <dt>f</dt>
  <data>
    8.89264941e-01 -4.57392454e-01 2.18526477e-08 2.36878283e-02
    4.60540950e-02 -9.98658180e-01 4.56778675e-01 8.88071716e-01
    5.17889410e-02</data></R>
<t type_id="opencv-matrix">
  <rows>3</rows>
  <cols>1</cols>
  <dt>f</dt>
  <data>
    -9.78494296e-04 9.98659912e+02 1.75504277e+04</data></t>
</opencv_storage>
