<?xml version="1.0"?>
<opencv_storage>
<P type_id="opencv-matrix">
  <rows>4</rows>
  <cols>4</cols>
  <dt>f</dt>
  <data>
    4.59386182e+03 -2.56050415e+02 4.97348366e+01 16842584.
    2.02739075e+02 7.45324890e+02 -4.46598096e+03 13967922.
    2.62124687e-01 9.63642478e-01 5.18071018e-02 1.75443613e+04 0. 0. 0.
    1.</data></P>
<IntrinsicCam type_id="opencv-matrix">
  <rows>3</rows>
  <cols>3</cols>
  <dt>f</dt>
  <data>
    4500. 0. 960. 0. 4500. 540. 0. 0. 1.</data></IntrinsicCam>
<DistortionCam type_id="opencv-matrix">
  <rows>1</rows>
  <cols>5</cols>
  <dt>f</dt>
  <data>
    0. 0. 0. 0. 0.</data></DistortionCam>
<RT type_id="opencv-matrix">
  <rows>4</rows>
  <cols>4</cols>
  <dt>f</dt>
  <data>
    9.64938223e-01 -2.62477160e-01 4.37284520e-09 -4.88667807e-04
    1.35981655e-02 4.99906540e-02 -9.98657167e-01 9.98659302e+02
    2.62124687e-01 9.63642478e-01 5.18071018e-02 1.75443613e+04 0. 0. 0.
    1.</data></RT>
<R type_id="opencv-matrix">
  <rows>3</rows>
  <cols>3</cols>
  <dt>f</dt>
  <data>
    9.64938223e-01 -2.62477160e-01 4.37284520e-09 1.35981655e-02
    4.99906540e-02 -9.98657167e-01 2.62124687e-01 9.63642478e-01
    5.18071018e-02</data></R>
<t type_id="opencv-matrix">
  <rows>3</rows>
  <cols>1</cols>
  <dt>f</dt>
  <data>
    -4.88667807e-04 9.98659302e+02 1.75443613e+04</data></t>
</opencv_storage>
