<?xml version="1.0"?>
<opencv_storage>
<P type_id="opencv-matrix">
  <rows>4</rows>
  <cols>4</cols>
  <dt>f</dt>
  <data>
    4.59543262e+03 2.26143433e+02 4.95646744e+01 16900740.
    1.23495590e+02 7.61667236e+02 -4.46611816e+03 14000654.
    1.59834877e-01 9.85792637e-01 5.16298264e-02 1.76049355e+04 0. 0. 0.
    1.</data></P>
<IntrinsicCam type_id="opencv-matrix">
  <rows>3</rows>
  <cols>3</cols>
  <dt>f</dt>
  <data>
    4500. 0. 960. 0. 4500. 540. 0. 0. 1.</data></IntrinsicCam>
<DistortionCam type_id="opencv-matrix">
  <rows>1</rows>
  <cols>5</cols>
  <dt>f</dt>
  <data>
    0. 0. 0. 0. 0.</data></DistortionCam>
<RT type_id="opencv-matrix">
  <rows>4</rows>
  <cols>4</cols>
  <dt>f</dt>
  <data>
    9.87109184e-01 -1.60048336e-01 9.14783449e-09 4.87472658e-04
    8.26327968e-03 5.09642735e-02 -9.98666286e-01 9.98664307e+02
    1.59834877e-01 9.85792637e-01 5.16298264e-02 1.76049355e+04 0. 0. 0.
    1.</data></RT>
<R type_id="opencv-matrix">
  <rows>3</rows>
  <cols>3</cols>
  <dt>f</dt>
  <data>
    9.87109184e-01 -1.60048336e-01 9.14783449e-09 8.26327968e-03
    5.09642735e-02 -9.98666286e-01 1.59834877e-01 9.85792637e-01
    5.16298264e-02</data></R>
<t type_id="opencv-matrix">
  <rows>3</rows>
  <cols>1</cols>
  <dt>f</dt>
  <data>
    4.87472658e-04 9.98664307e+02 1.76049355e+04</data></t>
</opencv_storage>
