<?xml version="1.0"?>
<opencv_storage>
<P type_id="opencv-matrix">
  <rows>4</rows>
  <cols>4</cols>
  <dt>f</dt>
  <data>
    4.54668262e+03 7.04844116e+02 4.97437019e+01 16839674.
    4.33184700e+01 7.71232605e+02 -4.46597412e+03 13966277.
    5.60041294e-02 9.97085094e-01 5.18163480e-02 1.75413262e+04 0. 0. 0.
    1.</data></P>
<IntrinsicCam type_id="opencv-matrix">
  <rows>3</rows>
  <cols>3</cols>
  <dt>f</dt>
  <data>
    4500. 0. 960. 0. 4500. 540. 0. 0. 1.</data></IntrinsicCam>
<DistortionCam type_id="opencv-matrix">
  <rows>1</rows>
  <cols>5</cols>
  <dt>f</dt>
  <data>
    0. 0. 0. 0. 0.</data></DistortionCam>
<RT type_id="opencv-matrix">
  <rows>4</rows>
  <cols>4</cols>
  <dt>f</dt>
  <data>
    9.98426318e-01 -5.60794622e-02 1.35017864e-09 -6.11544965e-05
    2.90583144e-03 5.17348051e-02 -9.98656690e-01 9.98657959e+02
    5.60041294e-02 9.97085094e-01 5.18163480e-02 1.75413262e+04 0. 0. 0.
    1.</data></RT>
<R type_id="opencv-matrix">
  <rows>3</rows>
  <cols>3</cols>
  <dt>f</dt>
  <data>
    9.98426318e-01 -5.60794622e-02 1.35017864e-09 2.90583144e-03
    5.17348051e-02 -9.98656690e-01 5.60041294e-02 9.97085094e-01
    5.18163480e-02</data></R>
<t type_id="opencv-matrix">
  <rows>3</rows>
  <cols>1</cols>
  <dt>f</dt>
  <data>
    -6.11544965e-05 9.98657959e+02 1.75413262e+04</data></t>
</opencv_storage>
