<?xml version="1.0"?>
<opencv_storage>
<P type_id="opencv-matrix">
  <rows>4</rows>
  <cols>4</cols>
  <dt>f</dt>
  <data>
    -3.86670972e+03 -2.49352759e+03 4.97348289e+01 16842592.
    2.74161926e+02 -7.22117615e+02 -4.46598047e+03 13967903.
    3.54465574e-01 -9.33632672e-01 5.18079214e-02 1.75443418e+04 0. 0.
    0. 1.</data></P>
<IntrinsicCam type_id="opencv-matrix">
  <rows>3</rows>
  <cols>3</cols>
  <dt>f</dt>
  <data>
    4500. 0. 960. 0. 4500. 540. 0. 0. 1.</data></IntrinsicCam>
<DistortionCam type_id="opencv-matrix">
  <rows>1</rows>
  <cols>5</cols>
  <dt>f</dt>
  <data>
    0. 0. 0. 0. 0.</data></DistortionCam>
<RT type_id="opencv-matrix">
  <rows>4</rows>
  <cols>4</cols>
  <dt>f</dt>
  <data>
    -9.34888124e-01 -3.54942262e-01 -1.72464084e-07 5.38633578e-03
    1.83890015e-02 -4.84346598e-02 -9.98656988e-01 9.98657349e+02
    3.54465574e-01 -9.33632672e-01 5.18079214e-02 1.75443418e+04 0. 0.
    0. 1.</data></RT>
<R type_id="opencv-matrix">
  <rows>3</rows>
  <cols>3</cols>
  <dt>f</dt>
  <data>
    -9.34888124e-01 -3.54942262e-01 -1.72464084e-07 1.83890015e-02
    -4.84346598e-02 -9.98656988e-01 3.54465574e-01 -9.33632672e-01
    5.18079214e-02</data></R>
<t type_id="opencv-matrix">
  <rows>3</rows>
  <cols>1</cols>
  <dt>f</dt>
  <data>
    5.38633578e-03 9.98657349e+02 1.75443418e+04</data></t>
</opencv_storage>
