<?xml version="1.0"?>
<opencv_storage>
<P type_id="opencv-matrix">
  <rows>4</rows>
  <cols>4</cols>
  <dt>f</dt>
  <data>
    4.30071289e+03 1.63492993e+03 4.97443695e+01 16839674.
    -1.18008690e+02 7.63383789e+02 -4.46597412e+03 13966296.
    -1.52566627e-01 9.86933947e-01 5.18170148e-02 1.75413262e+04 0. 0.
    0. 1.</data></P>
<IntrinsicCam type_id="opencv-matrix">
  <rows>3</rows>
  <cols>3</cols>
  <dt>f</dt>
  <data>
    4500. 0. 960. 0. 4500. 540. 0. 0. 1.</data></IntrinsicCam>
<DistortionCam type_id="opencv-matrix">
  <rows>1</rows>
  <cols>5</cols>
  <dt>f</dt>
  <data>
    0. 0. 0. 0. 0.</data></DistortionCam>
<RT type_id="opencv-matrix">
  <rows>4</rows>
  <cols>4</cols>
  <dt>f</dt>
  <data>
    9.88261461e-01 1.52771860e-01 7.21785387e-09 -6.37924131e-07
    -7.91615807e-03 5.12087606e-02 -9.98656690e-01 9.98662109e+02
    -1.52566627e-01 9.86933947e-01 5.18170148e-02 1.75413262e+04 0. 0.
    0. 1.</data></RT>
<R type_id="opencv-matrix">
  <rows>3</rows>
  <cols>3</cols>
  <dt>f</dt>
  <data>
    9.88261461e-01 1.52771860e-01 7.21785387e-09 -7.91615807e-03
    5.12087606e-02 -9.98656690e-01 -1.52566627e-01 9.86933947e-01
    5.18170148e-02</data></R>
<t type_id="opencv-matrix">
  <rows>3</rows>
  <cols>1</cols>
  <dt>f</dt>
  <data>
    -6.37924131e-07 9.98662109e+02 1.75413262e+04</data></t>
</opencv_storage>
