<?xml version="1.0"?>
<opencv_storage>
<P type_id="opencv-matrix">
  <rows>4</rows>
  <cols>4</cols>
  <dt>f</dt>
  <data>
    4.10643848e+03 2.07516455e+03 4.95654335e+01 16900742.
    -1.96878784e+02 7.46078491e+02 -4.46611768e+03 14000660.
    -2.54810214e-01 9.65611756e-01 5.16307130e-02 1.76049395e+04 0. 0.
    0. 1.</data></P>
<IntrinsicCam type_id="opencv-matrix">
  <rows>3</rows>
  <cols>3</cols>
  <dt>f</dt>
  <data>
    4500. 0. 960. 0. 4500. 540. 0. 0. 1.</data></IntrinsicCam>
<DistortionCam type_id="opencv-matrix">
  <rows>1</rows>
  <cols>5</cols>
  <dt>f</dt>
  <data>
    0. 0. 0. 0. 0.</data></DistortionCam>
<RT type_id="opencv-matrix">
  <rows>4</rows>
  <cols>4</cols>
  <dt>f</dt>
  <data>
    9.66901362e-01 2.55150527e-01 -1.11605436e-08 9.86342002e-07
    -1.31736156e-02 4.99218032e-02 -9.98666227e-01 9.98665161e+02
    -2.54810214e-01 9.65611756e-01 5.16307130e-02 1.76049395e+04 0. 0.
    0. 1.</data></RT>
<R type_id="opencv-matrix">
  <rows>3</rows>
  <cols>3</cols>
  <dt>f</dt>
  <data>
    9.66901362e-01 2.55150527e-01 -1.11605436e-08 -1.31736156e-02
    4.99218032e-02 -9.98666227e-01 -2.54810214e-01 9.65611756e-01
    5.16307130e-02</data></R>
<t type_id="opencv-matrix">
  <rows>3</rows>
  <cols>1</cols>
  <dt>f</dt>
  <data>
    9.86342002e-07 9.98665161e+02 1.76049395e+04</data></t>
</opencv_storage>
