<?xml version="1.0"?>
<opencv_storage>
<P type_id="opencv-matrix">
  <rows>4</rows>
  <cols>4</cols>
  <dt>f</dt>
  <data>
    3.86671094e+03 2.49352588e+03 4.97357025e+01 16842582.
    -2.74161438e+02 7.22118530e+02 -4.46597998e+03 13967906.
    -3.54465246e-01 9.33632791e-01 5.18081784e-02 1.75443574e+04 0. 0.
    0. 1.</data></P>
<IntrinsicCam type_id="opencv-matrix">
  <rows>3</rows>
  <cols>3</cols>
  <dt>f</dt>
  <data>
    4500. 0. 960. 0. 4500. 540. 0. 0. 1.</data></IntrinsicCam>
<DistortionCam type_id="opencv-matrix">
  <rows>1</rows>
  <cols>5</cols>
  <dt>f</dt>
  <data>
    0. 0. 0. 0. 0.</data></DistortionCam>
<RT type_id="opencv-matrix">
  <rows>4</rows>
  <cols>4</cols>
  <dt>f</dt>
  <data>
    9.34888363e-01 3.54941905e-01 -3.27734426e-08 -4.85384924e-04
    -1.83889344e-02 4.84348461e-02 -9.98657048e-01 9.98656128e+02
    -3.54465246e-01 9.33632791e-01 5.18081784e-02 1.75443574e+04 0. 0.
    0. 1.</data></RT>
<R type_id="opencv-matrix">
  <rows>3</rows>
  <cols>3</cols>
  <dt>f</dt>
  <data>
    9.34888363e-01 3.54941905e-01 -3.27734426e-08 -1.83889344e-02
    4.84348461e-02 -9.98657048e-01 -3.54465246e-01 9.33632791e-01
    5.18081784e-02</data></R>
<t type_id="opencv-matrix">
  <rows>3</rows>
  <cols>1</cols>
  <dt>f</dt>
  <data>
    -4.85384924e-04 9.98656128e+02 1.75443574e+04</data></t>
</opencv_storage>
