<?xml version="1.0"?>
<opencv_storage>
<P type_id="opencv-matrix">
  <rows>4</rows>
  <cols>4</cols>
  <dt>f</dt>
  <data>
    3.26367480e+03 3.24307812e+03 4.97194328e+01 16848412.
    -4.18286316e+02 6.49258911e+02 -4.46599365e+03 13971199.
    -5.40860295e-01 8.39516401e-01 5.17909415e-02 1.75504277e+04 0. 0.
    0. 1.</data></P>
<IntrinsicCam type_id="opencv-matrix">
  <rows>3</rows>
  <cols>3</cols>
  <dt>f</dt>
  <data>
    4500. 0. 960. 0. 4500. 540. 0. 0. 1.</data></IntrinsicCam>
<DistortionCam type_id="opencv-matrix">
  <rows>1</rows>
  <cols>5</cols>
  <dt>f</dt>
  <data>
    0. 0. 0. 0. 0.</data></DistortionCam>
<RT type_id="opencv-matrix">
  <rows>4</rows>
  <cols>4</cols>
  <dt>f</dt>
  <data>
    8.40644598e-01 5.41587174e-01 2.86026918e-08 4.85753728e-04
    -2.80492790e-02 4.35377918e-02 -9.98657942e-01 9.98659546e+02
    -5.40860295e-01 8.39516401e-01 5.17909415e-02 1.75504277e+04 0. 0.
    0. 1.</data></RT>
<R type_id="opencv-matrix">
  <rows>3</rows>
  <cols>3</cols>
  <dt>f</dt>
  <data>
    8.40644598e-01 5.41587174e-01 2.86026918e-08 -2.80492790e-02
    4.35377918e-02 -9.98657942e-01 -5.40860295e-01 8.39516401e-01
    5.17909415e-02</data></R>
<t type_id="opencv-matrix">
  <rows>3</rows>
  <cols>1</cols>
  <dt>f</dt>
  <data>
    4.85753728e-04 9.98659546e+02 1.75504277e+04</data></t>
</opencv_storage>
