<?xml version="1.0"?>
<opencv_storage>
<P type_id="opencv-matrix">
  <rows>4</rows>
  <cols>4</cols>
  <dt>f</dt>
  <data>
    2.90756665e+03 3.56583667e+03 4.96594963e+01 16868778.
    -4.83557739e+02 6.01866638e+02 -4.46604150e+03 13982660.
    -6.25485480e-01 7.78519154e-01 5.17288260e-02 1.75716484e+04 0. 0.
    0. 1.</data></P>
<IntrinsicCam type_id="opencv-matrix">
  <rows>3</rows>
  <cols>3</cols>
  <dt>f</dt>
  <data>
    4500. 0. 960. 0. 4500. 540. 0. 0. 1.</data></IntrinsicCam>
<DistortionCam type_id="opencv-matrix">
  <rows>1</rows>
  <cols>5</cols>
  <dt>f</dt>
  <data>
    0. 0. 0. 0. 0.</data></DistortionCam>
<RT type_id="opencv-matrix">
  <rows>4</rows>
  <cols>4</cols>
  <dt>f</dt>
  <data>
    7.79562831e-01 6.26324058e-01 -3.86072898e-08 -9.73151065e-04
    -3.23990248e-02 4.03258502e-02 -9.98661160e-01 9.98660095e+02
    -6.25485480e-01 7.78519154e-01 5.17288260e-02 1.75716484e+04 0. 0.
    0. 1.</data></RT>
<R type_id="opencv-matrix">
  <rows>3</rows>
  <cols>3</cols>
  <dt>f</dt>
  <data>
    7.79562831e-01 6.26324058e-01 -3.86072898e-08 -3.23990248e-02
    4.03258502e-02 -9.98661160e-01 -6.25485480e-01 7.78519154e-01
    5.17288260e-02</data></R>
<t type_id="opencv-matrix">
  <rows>3</rows>
  <cols>1</cols>
  <dt>f</dt>
  <data>
    -9.73151065e-04 9.98660095e+02 1.75716484e+04</data></t>
</opencv_storage>
