<?xml version="1.0"?>
<opencv_storage>
<P type_id="opencv-matrix">
  <rows>4</rows>
  <cols>4</cols>
  <dt>f</dt>
  <data>
    2.51799707e+03 3.85082104e+03 4.96940384e+01 16857146.
    -5.44063171e+02 5.48008911e+02 -4.46601465e+03 13976109.
    -7.03602970e-01 7.08705425e-01 5.17645888e-02 1.75595234e+04 0. 0.
    0. 1.</data></P>
<IntrinsicCam type_id="opencv-matrix">
  <rows>3</rows>
  <cols>3</cols>
  <dt>f</dt>
  <data>
    4500. 0. 960. 0. 4500. 540. 0. 0. 1.</data></IntrinsicCam>
<DistortionCam type_id="opencv-matrix">
  <rows>1</rows>
  <cols>5</cols>
  <dt>f</dt>
  <data>
    0. 0. 0. 0. 0.</data></DistortionCam>
<RT type_id="opencv-matrix">
  <rows>4</rows>
  <cols>4</cols>
  <dt>f</dt>
  <data>
    7.09656835e-01 7.04547524e-01 7.41369632e-09 9.75907431e-04
    -3.64705697e-02 3.67351137e-02 -9.98659372e-01 9.98659058e+02
    -7.03602970e-01 7.08705425e-01 5.17645888e-02 1.75595234e+04 0. 0.
    0. 1.</data></RT>
<R type_id="opencv-matrix">
  <rows>3</rows>
  <cols>3</cols>
  <dt>f</dt>
  <data>
    7.09656835e-01 7.04547524e-01 7.41369632e-09 -3.64705697e-02
    3.67351137e-02 -9.98659372e-01 -7.03602970e-01 7.08705425e-01
    5.17645888e-02</data></R>
<t type_id="opencv-matrix">
  <rows>3</rows>
  <cols>1</cols>
  <dt>f</dt>
  <data>
    9.75907431e-04 9.98659058e+02 1.75595234e+04</data></t>
</opencv_storage>
