<?xml version="1.0"?>
<opencv_storage>
<P type_id="opencv-matrix">
  <rows>4</rows>
  <cols>4</cols>
  <dt>f</dt>
  <data>
    1.66231689e+03 4.29020264e+03 4.96604004e+01 16868788.
    -6.45983215e+02 4.22827667e+02 -4.46604150e+03 13982682.
    -8.35580230e-01 5.46927750e-01 5.17297238e-02 1.75716484e+04 0. 0.
    0. 1.</data></P>
<IntrinsicCam type_id="opencv-matrix">
  <rows>3</rows>
  <cols>3</cols>
  <dt>f</dt>
  <data>
    4500. 0. 960. 0. 4500. 540. 0. 0. 1.</data></IntrinsicCam>
<DistortionCam type_id="opencv-matrix">
  <rows>1</rows>
  <cols>5</cols>
  <dt>f</dt>
  <data>
    0. 0. 0. 0. 0.</data></DistortionCam>
<RT type_id="opencv-matrix">
  <rows>4</rows>
  <cols>4</cols>
  <dt>f</dt>
  <data>
    5.47660887e-01 8.36700439e-01 -2.94774161e-08 1.46744819e-03
    -4.32821997e-02 2.83303764e-02 -9.98661220e-01 9.98664978e+02
    -8.35580230e-01 5.46927750e-01 5.17297238e-02 1.75716484e+04 0. 0.
    0. 1.</data></RT>
<R type_id="opencv-matrix">
  <rows>3</rows>
  <cols>3</cols>
  <dt>f</dt>
  <data>
    5.47660887e-01 8.36700439e-01 -2.94774161e-08 -4.32821997e-02
    2.83303764e-02 -9.98661220e-01 -8.35580230e-01 5.46927750e-01
    5.17297238e-02</data></R>
<t type_id="opencv-matrix">
  <rows>3</rows>
  <cols>1</cols>
  <dt>f</dt>
  <data>
    1.46744819e-03 9.98664978e+02 1.75716484e+04</data></t>
</opencv_storage>
