<?xml version="1.0"?>
<opencv_storage>
<P type_id="opencv-matrix">
  <rows>4</rows>
  <cols>4</cols>
  <dt>f</dt>
  <data>
    1.20571948e+03 4.44019922e+03 4.97201347e+01 16848410.
    -6.86812988e+02 3.53261841e+02 -4.46599316e+03 13971186.
    -8.88071239e-01 4.56778973e-01 5.17917015e-02 1.75504277e+04 0. 0.
    0. 1.</data></P>
<IntrinsicCam type_id="opencv-matrix">
  <rows>3</rows>
  <cols>3</cols>
  <dt>f</dt>
  <data>
    4500. 0. 960. 0. 4500. 540. 0. 0. 1.</data></IntrinsicCam>
<DistortionCam type_id="opencv-matrix">
  <rows>1</rows>
  <cols>5</cols>
  <dt>f</dt>
  <data>
    0. 0. 0. 0. 0.</data></DistortionCam>
<RT type_id="opencv-matrix">
  <rows>4</rows>
  <cols>4</cols>
  <dt>f</dt>
  <data>
    4.57392871e-01 8.89264703e-01 2.27372041e-08 -2.00882278e-06
    -4.60565537e-02 2.36891564e-02 -9.98657882e-01 9.98656738e+02
    -8.88071239e-01 4.56778973e-01 5.17917015e-02 1.75504277e+04 0. 0.
    0. 1.</data></RT>
<R type_id="opencv-matrix">
  <rows>3</rows>
  <cols>3</cols>
  <dt>f</dt>
  <data>
    4.57392871e-01 8.89264703e-01 2.27372041e-08 -4.60565537e-02
    2.36891564e-02 -9.98657882e-01 -8.88071239e-01 4.56778973e-01
    5.17917015e-02</data></R>
<t type_id="opencv-matrix">
  <rows>3</rows>
  <cols>1</cols>
  <dt>f</dt>
  <data>
    -2.00882278e-06 9.98656738e+02 1.75504277e+04</data></t>
</opencv_storage>
