<?xml version="1.0"?>
<opencv_storage>
<P type_id="opencv-matrix">
  <rows>4</rows>
  <cols>4</cols>
  <dt>f</dt>
  <data>
    2.56051086e+02 4.59386182e+03 4.97375832e+01 16842592.
    -7.45336792e+02 2.02742935e+02 -4.46597900e+03 13967912.
    -9.63642299e-01 2.62124836e-01 5.18099591e-02 1.75443594e+04 0. 0.
    0. 1.</data></P>
<IntrinsicCam type_id="opencv-matrix">
  <rows>3</rows>
  <cols>3</cols>
  <dt>f</dt>
  <data>
    4500. 0. 960. 0. 4500. 540. 0. 0. 1.</data></IntrinsicCam>
<DistortionCam type_id="opencv-matrix">
  <rows>1</rows>
  <cols>5</cols>
  <dt>f</dt>
  <data>
    0. 0. 0. 0. 0.</data></DistortionCam>
<RT type_id="opencv-matrix">
  <rows>4</rows>
  <cols>4</cols>
  <dt>f</dt>
  <data>
    2.62477279e-01 9.64938223e-01 5.03452924e-09 1.95268018e-03
    -4.99933250e-02 1.35990046e-02 -9.98657048e-01 9.98657471e+02
    -9.63642299e-01 2.62124836e-01 5.18099591e-02 1.75443594e+04 0. 0.
    0. 1.</data></RT>
<R type_id="opencv-matrix">
  <rows>3</rows>
  <cols>3</cols>
  <dt>f</dt>
  <data>
    2.62477279e-01 9.64938223e-01 5.03452924e-09 -4.99933250e-02
    1.35990046e-02 -9.98657048e-01 -9.63642299e-01 2.62124836e-01
    5.18099591e-02</data></R>
<t type_id="opencv-matrix">
  <rows>3</rows>
  <cols>1</cols>
  <dt>f</dt>
  <data>
    1.95268018e-03 9.98657471e+02 1.75443594e+04</data></t>
</opencv_storage>
