<?xml version="1.0"?>
<opencv_storage>
<P type_id="opencv-matrix">
  <rows>4</rows>
  <cols>4</cols>
  <dt>f</dt>
  <data>
    -2.26140442e+02 4.59543311e+03 4.95677109e+01 16900746.
    -7.61680237e+02 1.23498573e+02 -4.46611572e+03 14000664.
    -9.85792458e-01 1.59835532e-01 5.16328216e-02 1.76049336e+04 0. 0.
    0. 1.</data></P>
<IntrinsicCam type_id="opencv-matrix">
  <rows>3</rows>
  <cols>3</cols>
  <dt>f</dt>
  <data>
    4500. 0. 960. 0. 4500. 540. 0. 0. 1.</data></IntrinsicCam>
<DistortionCam type_id="opencv-matrix">
  <rows>1</rows>
  <cols>5</cols>
  <dt>f</dt>
  <data>
    0. 0. 0. 0. 0.</data></DistortionCam>
<RT type_id="opencv-matrix">
  <rows>4</rows>
  <cols>4</cols>
  <dt>f</dt>
  <data>
    1.60048962e-01 9.87109125e-01 4.45226362e-08 2.43747304e-03
    -5.09671718e-02 8.26386362e-03 -9.98666167e-01 9.98666626e+02
    -9.85792458e-01 1.59835532e-01 5.16328216e-02 1.76049336e+04 0. 0.
    0. 1.</data></RT>
<R type_id="opencv-matrix">
  <rows>3</rows>
  <cols>3</cols>
  <dt>f</dt>
  <data>
    1.60048962e-01 9.87109125e-01 4.45226362e-08 -5.09671718e-02
    8.26386362e-03 -9.98666167e-01 -9.85792458e-01 1.59835532e-01
    5.16328216e-02</data></R>
<t type_id="opencv-matrix">
  <rows>3</rows>
  <cols>1</cols>
  <dt>f</dt>
  <data>
    2.43747304e-03 9.98666626e+02 1.76049336e+04</data></t>
</opencv_storage>
