<?xml version="1.0"?>
<opencv_storage>
<P type_id="opencv-matrix">
  <rows>4</rows>
  <cols>4</cols>
  <dt>f</dt>
  <data>
    -7.04842041e+02 4.54668262e+03 4.97464790e+01 16839674.
    -7.71244263e+02 4.33198509e+01 -4.46597168e+03 13966270.
    -9.97084916e-01 5.60045689e-02 5.18190041e-02 1.75413242e+04 0. 0.
    0. 1.</data></P>
<IntrinsicCam type_id="opencv-matrix">
  <rows>3</rows>
  <cols>3</cols>
  <dt>f</dt>
  <data>
    4500. 0. 960. 0. 4500. 540. 0. 0. 1.</data></IntrinsicCam>
<DistortionCam type_id="opencv-matrix">
  <rows>1</rows>
  <cols>5</cols>
  <dt>f</dt>
  <data>
    0. 0. 0. 0. 0.</data></DistortionCam>
<RT type_id="opencv-matrix">
  <rows>4</rows>
  <cols>4</cols>
  <dt>f</dt>
  <data>
    5.60798869e-02 9.98426318e-01 5.27509130e-08 5.44656301e-04
    -5.17374203e-02 2.90608522e-03 -9.98656511e-01 9.98656555e+02
    -9.97084916e-01 5.60045689e-02 5.18190041e-02 1.75413242e+04 0. 0.
    0. 1.</data></RT>
<R type_id="opencv-matrix">
  <rows>3</rows>
  <cols>3</cols>
  <dt>f</dt>
  <data>
    5.60798869e-02 9.98426318e-01 5.27509130e-08 -5.17374203e-02
    2.90608522e-03 -9.98656511e-01 -9.97084916e-01 5.60045689e-02
    5.18190041e-02</data></R>
<t type_id="opencv-matrix">
  <rows>3</rows>
  <cols>1</cols>
  <dt>f</dt>
  <data>
    5.44656301e-04 9.98656555e+02 1.75413242e+04</data></t>
</opencv_storage>
