<?xml version="1.0"?>
<opencv_storage>
<P type_id="opencv-matrix">
  <rows>4</rows>
  <cols>4</cols>
  <dt>f</dt>
  <data>
    -2.07516211e+03 4.10643945e+03 4.95676003e+01 16900736.
    -7.46088257e+02 -1.96880905e+02 -4.46611572e+03 14000662.
    -9.65611756e-01 -2.54809588e-01 5.16329482e-02 1.76049355e+04 0. 0.
    0. 1.</data></P>
<IntrinsicCam type_id="opencv-matrix">
  <rows>3</rows>
  <cols>3</cols>
  <dt>f</dt>
  <data>
    4500. 0. 960. 0. 4500. 540. 0. 0. 1.</data></IntrinsicCam>
<DistortionCam type_id="opencv-matrix">
  <rows>1</rows>
  <cols>5</cols>
  <dt>f</dt>
  <data>
    0. 0. 0. 0. 0.</data></DistortionCam>
<RT type_id="opencv-matrix">
  <rows>4</rows>
  <cols>4</cols>
  <dt>f</dt>
  <data>
    -2.55149931e-01 9.66901481e-01 -6.93824020e-09 -4.87668323e-04
    -4.99239825e-02 -1.31741595e-02 -9.98666108e-01 9.98666016e+02
    -9.65611756e-01 -2.54809588e-01 5.16329482e-02 1.76049355e+04 0. 0.
    0. 1.</data></RT>
<R type_id="opencv-matrix">
  <rows>3</rows>
  <cols>3</cols>
  <dt>f</dt>
  <data>
    -2.55149931e-01 9.66901481e-01 -6.93824020e-09 -4.99239825e-02
    -1.31741595e-02 -9.98666108e-01 -9.65611756e-01 -2.54809588e-01
    5.16329482e-02</data></R>
<t type_id="opencv-matrix">
  <rows>3</rows>
  <cols>1</cols>
  <dt>f</dt>
  <data>
    -4.87668323e-04 9.98666016e+02 1.76049355e+04</data></t>
</opencv_storage>
