<?xml version="1.0"?>
<opencv_storage>
<P type_id="opencv-matrix">
  <rows>4</rows>
  <cols>4</cols>
  <dt>f</dt>
  <data>
    -2.49352271e+03 3.86671313e+03 4.97382202e+01 16842574.
    -7.22127441e+02 -2.74163422e+02 -4.46597852e+03 13967908.
    -9.33633089e-01 -3.54464382e-01 5.18101864e-02 1.75443555e+04 0. 0.
    0. 1.</data></P>
<IntrinsicCam type_id="opencv-matrix">
  <rows>3</rows>
  <cols>3</cols>
  <dt>f</dt>
  <data>
    4500. 0. 960. 0. 4500. 540. 0. 0. 1.</data></IntrinsicCam>
<DistortionCam type_id="opencv-matrix">
  <rows>1</rows>
  <cols>5</cols>
  <dt>f</dt>
  <data>
    0. 0. 0. 0. 0.</data></DistortionCam>
<RT type_id="opencv-matrix">
  <rows>4</rows>
  <cols>4</cols>
  <dt>f</dt>
  <data>
    -3.54941070e-01 9.34888661e-01 9.83599762e-08 -1.96181401e-03
    -4.84367944e-02 -1.83894765e-02 -9.98656929e-01 9.98656860e+02
    -9.33633089e-01 -3.54464382e-01 5.18101864e-02 1.75443555e+04 0. 0.
    0. 1.</data></RT>
<R type_id="opencv-matrix">
  <rows>3</rows>
  <cols>3</cols>
  <dt>f</dt>
  <data>
    -3.54941070e-01 9.34888661e-01 9.83599762e-08 -4.84367944e-02
    -1.83894765e-02 -9.98656929e-01 -9.33633089e-01 -3.54464382e-01
    5.18101864e-02</data></R>
<t type_id="opencv-matrix">
  <rows>3</rows>
  <cols>1</cols>
  <dt>f</dt>
  <data>
    -1.96181401e-03 9.98656860e+02 1.75443555e+04</data></t>
</opencv_storage>
