<?xml version="1.0"?>
<opencv_storage>
<P type_id="opencv-matrix">
  <rows>4</rows>
  <cols>4</cols>
  <dt>f</dt>
  <data>
    -3.26367285e+03 -3.24307959e+03 4.97171211e+01 16848386.
    4.18284851e+02 -6.49253845e+02 -4.46599463e+03 13971182.
    5.40860772e-01 -8.39516163e-01 5.17897457e-02 1.75504062e+04 0. 0.
    0. 1.</data></P>
<IntrinsicCam type_id="opencv-matrix">
  <rows>3</rows>
  <cols>3</cols>
  <dt>f</dt>
  <data>
    4500. 0. 960. 0. 4500. 540. 0. 0. 1.</data></IntrinsicCam>
<DistortionCam type_id="opencv-matrix">
  <rows>1</rows>
  <cols>5</cols>
  <dt>f</dt>
  <data>
    0. 0. 0. 0. 0.</data></DistortionCam>
<RT type_id="opencv-matrix">
  <rows>4</rows>
  <cols>4</cols>
  <dt>f</dt>
  <data>
    -8.40644240e-01 -5.41587591e-01 -2.29444794e-07 -9.56282776e-04
    2.80488972e-02 -4.35366929e-02 -9.98658001e-01 9.98658508e+02
    5.40860772e-01 -8.39516163e-01 5.17897457e-02 1.75504062e+04 0. 0.
    0. 1.</data></RT>
<R type_id="opencv-matrix">
  <rows>3</rows>
  <cols>3</cols>
  <dt>f</dt>
  <data>
    -8.40644240e-01 -5.41587591e-01 -2.29444794e-07 2.80488972e-02
    -4.35366929e-02 -9.98658001e-01 5.40860772e-01 -8.39516163e-01
    5.17897457e-02</data></R>
<t type_id="opencv-matrix">
  <rows>3</rows>
  <cols>1</cols>
  <dt>f</dt>
  <data>
    -9.56282776e-04 9.98658508e+02 1.75504062e+04</data></t>
</opencv_storage>
