<?xml version="1.0"?>
<opencv_storage>
<P type_id="opencv-matrix">
  <rows>4</rows>
  <cols>4</cols>
  <dt>f</dt>
  <data>
    -3.24307666e+03 3.26367554e+03 4.97209435e+01 16848404.
    -6.49264648e+02 -4.18289734e+02 -4.46599219e+03 13971199.
    -8.39516461e-01 -5.40859997e-01 5.17923906e-02 1.75504238e+04 0. 0.
    0. 1.</data></P>
<IntrinsicCam type_id="opencv-matrix">
  <rows>3</rows>
  <cols>3</cols>
  <dt>f</dt>
  <data>
    4500. 0. 960. 0. 4500. 540. 0. 0. 1.</data></IntrinsicCam>
<DistortionCam type_id="opencv-matrix">
  <rows>1</rows>
  <cols>5</cols>
  <dt>f</dt>
  <data>
    0. 0. 0. 0. 0.</data></DistortionCam>
<RT type_id="opencv-matrix">
  <rows>4</rows>
  <cols>4</cols>
  <dt>f</dt>
  <data>
    -5.41586876e-01 8.40644717e-01 5.54897461e-08 -4.93183266e-04
    -4.35390547e-02 -2.80500762e-02 -9.98657823e-01 9.98659973e+02
    -8.39516461e-01 -5.40859997e-01 5.17923906e-02 1.75504238e+04 0. 0.
    0. 1.</data></RT>
<R type_id="opencv-matrix">
  <rows>3</rows>
  <cols>3</cols>
  <dt>f</dt>
  <data>
    -5.41586876e-01 8.40644717e-01 5.54897461e-08 -4.35390547e-02
    -2.80500762e-02 -9.98657823e-01 -8.39516461e-01 -5.40859997e-01
    5.17923906e-02</data></R>
<t type_id="opencv-matrix">
  <rows>3</rows>
  <cols>1</cols>
  <dt>f</dt>
  <data>
    -4.93183266e-04 9.98659973e+02 1.75504238e+04</data></t>
</opencv_storage>
