<?xml version="1.0"?>
<opencv_storage>
<P type_id="opencv-matrix">
  <rows>4</rows>
  <cols>4</cols>
  <dt>f</dt>
  <data>
    -3.85082178e+03 2.51799634e+03 4.96953125e+01 16857148.
    -5.48012146e+02 -5.44066223e+02 -4.46601318e+03 13976116.
    -7.08705246e-01 -7.03603089e-01 5.17656468e-02 1.75595215e+04 0. 0.
    0. 1.</data></P>
<IntrinsicCam type_id="opencv-matrix">
  <rows>3</rows>
  <cols>3</cols>
  <dt>f</dt>
  <data>
    4500. 0. 960. 0. 4500. 540. 0. 0. 1.</data></IntrinsicCam>
<DistortionCam type_id="opencv-matrix">
  <rows>1</rows>
  <cols>5</cols>
  <dt>f</dt>
  <data>
    0. 0. 0. 0. 0.</data></DistortionCam>
<RT type_id="opencv-matrix">
  <rows>4</rows>
  <cols>4</cols>
  <dt>f</dt>
  <data>
    -7.04547763e-01 7.09656715e-01 6.45570850e-08 1.94742181e-03
    -3.67358476e-02 -3.64712365e-02 -9.98659313e-01 9.98660767e+02
    -7.08705246e-01 -7.03603089e-01 5.17656468e-02 1.75595215e+04 0. 0.
    0. 1.</data></RT>
<R type_id="opencv-matrix">
  <rows>3</rows>
  <cols>3</cols>
  <dt>f</dt>
  <data>
    -7.04547763e-01 7.09656715e-01 6.45570850e-08 -3.67358476e-02
    -3.64712365e-02 -9.98659313e-01 -7.08705246e-01 -7.03603089e-01
    5.17656468e-02</data></R>
<t type_id="opencv-matrix">
  <rows>3</rows>
  <cols>1</cols>
  <dt>f</dt>
  <data>
    1.94742181e-03 9.98660767e+02 1.75595215e+04</data></t>
</opencv_storage>
