<?xml version="1.0"?>
<opencv_storage>
<P type_id="opencv-matrix">
  <rows>4</rows>
  <cols>4</cols>
  <dt>f</dt>
  <data>
    -4.54205811e+03 7.34068970e+02 4.96183815e+01 16883314.
    -2.79218567e+02 -7.19588074e+02 -4.46607568e+03 13990847.
    -3.61262798e-01 -9.31030631e-01 5.16853184e-02 1.75867832e+04 0. 0.
    0. 1.</data></P>
<IntrinsicCam type_id="opencv-matrix">
  <rows>3</rows>
  <cols>3</cols>
  <dt>f</dt>
  <data>
    4500. 0. 960. 0. 4500. 540. 0. 0. 1.</data></IntrinsicCam>
<DistortionCam type_id="opencv-matrix">
  <rows>1</rows>
  <cols>5</cols>
  <dt>f</dt>
  <data>
    0. 0. 0. 0. 0.</data></DistortionCam>
<RT type_id="opencv-matrix">
  <rows>4</rows>
  <cols>4</cols>
  <dt>f</dt>
  <data>
    -9.32276785e-01 3.61746311e-01 1.06379431e-07 4.78882284e-04
    -1.86970364e-02 -4.81847897e-02 -9.98663545e-01 9.98663086e+02
    -3.61262798e-01 -9.31030631e-01 5.16853184e-02 1.75867832e+04 0. 0.
    0. 1.</data></RT>
<R type_id="opencv-matrix">
  <rows>3</rows>
  <cols>3</cols>
  <dt>f</dt>
  <data>
    -9.32276785e-01 3.61746311e-01 1.06379431e-07 -1.86970364e-02
    -4.81847897e-02 -9.98663545e-01 -3.61262798e-01 -9.31030631e-01
    5.16853184e-02</data></R>
<t type_id="opencv-matrix">
  <rows>3</rows>
  <cols>1</cols>
  <dt>f</dt>
  <data>
    4.78882284e-04 9.98663086e+02 1.75867832e+04</data></t>
</opencv_storage>
