<?xml version="1.0"?>
<opencv_storage>
<P type_id="opencv-matrix">
  <rows>4</rows>
  <cols>4</cols>
  <dt>f</dt>
  <data>
    -4.59386133e+03 2.56049194e+02 4.97380180e+01 16842604.
    -2.02742493e+02 -7.45333557e+02 -4.46597949e+03 13967906.
    -2.62124330e-01 -9.63642359e-01 5.18091917e-02 1.75443574e+04 0. 0.
    0. 1.</data></P>
<IntrinsicCam type_id="opencv-matrix">
  <rows>3</rows>
  <cols>3</cols>
  <dt>f</dt>
  <data>
    4500. 0. 960. 0. 4500. 540. 0. 0. 1.</data></IntrinsicCam>
<DistortionCam type_id="opencv-matrix">
  <rows>1</rows>
  <cols>5</cols>
  <dt>f</dt>
  <data>
    0. 0. 0. 0. 0.</data></DistortionCam>
<RT type_id="opencv-matrix">
  <rows>4</rows>
  <cols>4</cols>
  <dt>f</dt>
  <data>
    -9.64938283e-01 2.62476861e-01 2.65466952e-07 4.37107543e-03
    -1.35989683e-02 -4.99925949e-02 -9.98656988e-01 9.98656311e+02
    -2.62124330e-01 -9.63642359e-01 5.18091917e-02 1.75443574e+04 0. 0.
    0. 1.</data></RT>
<R type_id="opencv-matrix">
  <rows>3</rows>
  <cols>3</cols>
  <dt>f</dt>
  <data>
    -9.64938283e-01 2.62476861e-01 2.65466952e-07 -1.35989683e-02
    -4.99925949e-02 -9.98656988e-01 -2.62124330e-01 -9.63642359e-01
    5.18091917e-02</data></R>
<t type_id="opencv-matrix">
  <rows>3</rows>
  <cols>1</cols>
  <dt>f</dt>
  <data>
    4.37107543e-03 9.98656311e+02 1.75443574e+04</data></t>
</opencv_storage>
