<?xml version="1.0"?>
<opencv_storage>
<P type_id="opencv-matrix">
  <rows>4</rows>
  <cols>4</cols>
  <dt>f</dt>
  <data>
    -4.59543311e+03 -2.26144653e+02 4.95690384e+01 16900764.
    -1.23499161e+02 -7.61676086e+02 -4.46611621e+03 14000670.
    -1.59834564e-01 -9.85792637e-01 5.16319238e-02 1.76049355e+04 0. 0.
    0. 1.</data></P>
<IntrinsicCam type_id="opencv-matrix">
  <rows>3</rows>
  <cols>3</cols>
  <dt>f</dt>
  <data>
    4500. 0. 960. 0. 4500. 540. 0. 0. 1.</data></IntrinsicCam>
<DistortionCam type_id="opencv-matrix">
  <rows>1</rows>
  <cols>5</cols>
  <dt>f</dt>
  <data>
    0. 0. 0. 0. 0.</data></DistortionCam>
<RT type_id="opencv-matrix">
  <rows>4</rows>
  <cols>4</cols>
  <dt>f</dt>
  <data>
    -9.87109244e-01 1.60048068e-01 5.31713169e-07 5.56825241e-03
    -8.26411135e-03 -5.09662367e-02 -9.98666167e-01 9.98667908e+02
    -1.59834564e-01 -9.85792637e-01 5.16319238e-02 1.76049355e+04 0. 0.
    0. 1.</data></RT>
<R type_id="opencv-matrix">
  <rows>3</rows>
  <cols>3</cols>
  <dt>f</dt>
  <data>
    -9.87109244e-01 1.60048068e-01 5.31713169e-07 -8.26411135e-03
    -5.09662367e-02 -9.98666167e-01 -1.59834564e-01 -9.85792637e-01
    5.16319238e-02</data></R>
<t type_id="opencv-matrix">
  <rows>3</rows>
  <cols>1</cols>
  <dt>f</dt>
  <data>
    5.56825241e-03 9.98667908e+02 1.76049355e+04</data></t>
</opencv_storage>
