<?xml version="1.0"?>
<opencv_storage>
<P type_id="opencv-matrix">
  <rows>4</rows>
  <cols>4</cols>
  <dt>f</dt>
  <data>
    -4.54668359e+03 -7.04843994e+02 4.97472916e+01 16839690.
    -4.33209229e+01 -7.71238770e+02 -4.46597363e+03 13966272.
    -5.60041070e-02 -9.97085094e-01 5.18179163e-02 1.75413262e+04 0. 0.
    0. 1.</data></P>
<IntrinsicCam type_id="opencv-matrix">
  <rows>3</rows>
  <cols>3</cols>
  <dt>f</dt>
  <data>
    4500. 0. 960. 0. 4500. 540. 0. 0. 1.</data></IntrinsicCam>
<DistortionCam type_id="opencv-matrix">
  <rows>1</rows>
  <cols>5</cols>
  <dt>f</dt>
  <data>
    0. 0. 0. 0. 0.</data></DistortionCam>
<RT type_id="opencv-matrix">
  <rows>4</rows>
  <cols>4</cols>
  <dt>f</dt>
  <data>
    -9.98426497e-01 5.60794733e-02 4.64333283e-07 3.68211465e-03
    -2.90637929e-03 -5.17361723e-02 -9.98656631e-01 9.98656738e+02
    -5.60041070e-02 -9.97085094e-01 5.18179163e-02 1.75413262e+04 0. 0.
    0. 1.</data></RT>
<R type_id="opencv-matrix">
  <rows>3</rows>
  <cols>3</cols>
  <dt>f</dt>
  <data>
    -9.98426497e-01 5.60794733e-02 4.64333283e-07 -2.90637929e-03
    -5.17361723e-02 -9.98656631e-01 -5.60041070e-02 -9.97085094e-01
    5.18179163e-02</data></R>
<t type_id="opencv-matrix">
  <rows>3</rows>
  <cols>1</cols>
  <dt>f</dt>
  <data>
    3.68211465e-03 9.98656738e+02 1.75413262e+04</data></t>
</opencv_storage>
