<?xml version="1.0"?>
<opencv_storage>
<P type_id="opencv-matrix">
  <rows>4</rows>
  <cols>4</cols>
  <dt>f</dt>
  <data>
    -2.51799512e+03 -3.85082300e+03 4.96921654e+01 16857118.
    5.44057983e+02 -5.48002136e+02 -4.46601562e+03 13976099.
    7.03603506e-01 -7.08705068e-01 5.17628305e-02 1.75595059e+04 0. 0.
    0. 1.</data></P>
<IntrinsicCam type_id="opencv-matrix">
  <rows>3</rows>
  <cols>3</cols>
  <dt>f</dt>
  <data>
    4500. 0. 960. 0. 4500. 540. 0. 0. 1.</data></IntrinsicCam>
<DistortionCam type_id="opencv-matrix">
  <rows>1</rows>
  <cols>5</cols>
  <dt>f</dt>
  <data>
    0. 0. 0. 0. 0.</data></DistortionCam>
<RT type_id="opencv-matrix">
  <rows>4</rows>
  <cols>4</cols>
  <dt>f</dt>
  <data>
    -7.09656537e-01 -7.04548001e-01 -3.35969084e-08 -1.95015525e-03
    3.64693552e-02 -3.67336459e-02 -9.98659492e-01 9.98659119e+02
    7.03603506e-01 -7.08705068e-01 5.17628305e-02 1.75595059e+04 0. 0.
    0. 1.</data></RT>
<R type_id="opencv-matrix">
  <rows>3</rows>
  <cols>3</cols>
  <dt>f</dt>
  <data>
    -7.09656537e-01 -7.04548001e-01 -3.35969084e-08 3.64693552e-02
    -3.67336459e-02 -9.98659492e-01 7.03603506e-01 -7.08705068e-01
    5.17628305e-02</data></R>
<t type_id="opencv-matrix">
  <rows>3</rows>
  <cols>1</cols>
  <dt>f</dt>
  <data>
    -1.95015525e-03 9.98659119e+02 1.75595059e+04</data></t>
</opencv_storage>
