<?xml version="1.0"?>
<opencv_storage>
<P type_id="opencv-matrix">
  <rows>4</rows>
  <cols>4</cols>
  <dt>f</dt>
  <data>
    -2.10262549e+03 -4.09244507e+03 4.96918030e+01 16857130.
    5.98246155e+02 -4.88267487e+02 -4.46601660e+03 13976094.
    7.73683310e-01 -6.31454706e-01 5.17626703e-02 1.75595098e+04 0. 0.
    0. 1.</data></P>
<IntrinsicCam type_id="opencv-matrix">
  <rows>3</rows>
  <cols>3</cols>
  <dt>f</dt>
  <data>
    4500. 0. 960. 0. 4500. 540. 0. 0. 1.</data></IntrinsicCam>
<DistortionCam type_id="opencv-matrix">
  <rows>1</rows>
  <cols>5</cols>
  <dt>f</dt>
  <data>
    0. 0. 0. 0. 0.</data></DistortionCam>
<RT type_id="opencv-matrix">
  <rows>4</rows>
  <cols>4</cols>
  <dt>f</dt>
  <data>
    -6.32302523e-01 -7.74721920e-01 -8.00175854e-08 7.07328354e-06
    4.01015915e-02 -3.27293240e-02 -9.98659611e-01 9.98657654e+02
    7.73683310e-01 -6.31454706e-01 5.17626703e-02 1.75595098e+04 0. 0.
    0. 1.</data></RT>
<R type_id="opencv-matrix">
  <rows>3</rows>
  <cols>3</cols>
  <dt>f</dt>
  <data>
    -6.32302523e-01 -7.74721920e-01 -8.00175854e-08 4.01015915e-02
    -3.27293240e-02 -9.98659611e-01 7.73683310e-01 -6.31454706e-01
    5.17626703e-02</data></R>
<t type_id="opencv-matrix">
  <rows>3</rows>
  <cols>1</cols>
  <dt>f</dt>
  <data>
    7.07328354e-06 9.98657654e+02 1.75595098e+04</data></t>
</opencv_storage>
