<?xml version="1.0"?>
<opencv_storage>
<P type_id="opencv-matrix">
  <rows>4</rows>
  <cols>4</cols>
  <dt>f</dt>
  <data>
    -1.66231262e+03 -4.29020508e+03 4.96584015e+01 16868762.
    6.45973206e+02 -4.22819550e+02 -4.46604346e+03 13982656.
    8.35581064e-01 -5.46926796e-01 5.17270155e-02 1.75716328e+04 0. 0.
    0. 1.</data></P>
<IntrinsicCam type_id="opencv-matrix">
  <rows>3</rows>
  <cols>3</cols>
  <dt>f</dt>
  <data>
    4500. 0. 960. 0. 4500. 540. 0. 0. 1.</data></IntrinsicCam>
<DistortionCam type_id="opencv-matrix">
  <rows>1</rows>
  <cols>5</cols>
  <dt>f</dt>
  <data>
    0. 0. 0. 0. 0.</data></DistortionCam>
<RT type_id="opencv-matrix">
  <rows>4</rows>
  <cols>4</cols>
  <dt>f</dt>
  <data>
    -5.47660112e-01 -8.36701155e-01 1.03646812e-07 -1.47400610e-03
    4.32798751e-02 -2.83286795e-02 -9.98661399e-01 9.98660828e+02
    8.35581064e-01 -5.46926796e-01 5.17270155e-02 1.75716328e+04 0. 0.
    0. 1.</data></RT>
<R type_id="opencv-matrix">
  <rows>3</rows>
  <cols>3</cols>
  <dt>f</dt>
  <data>
    -5.47660112e-01 -8.36701155e-01 1.03646812e-07 4.32798751e-02
    -2.83286795e-02 -9.98661399e-01 8.35581064e-01 -5.46926796e-01
    5.17270155e-02</data></R>
<t type_id="opencv-matrix">
  <rows>3</rows>
  <cols>1</cols>
  <dt>f</dt>
  <data>
    -1.47400610e-03 9.98660828e+02 1.75716328e+04</data></t>
</opencv_storage>
