<?xml version="1.0"?>
<opencv_storage>
<points>
  -1.12856638e+00 4.62745786e-01 3.56909418e+00 -1.48286629e+00
  4.61065114e-01 3.40796423e+00 -1.83135521e+00 4.57142681e-01
  3.23570871e+00 -2.14694619e+00 4.45750773e-01 3.00830817e+00
  -2.44868684e+00 4.31957126e-01 2.76482415e+00 -2.71435332e+00
  4.11740184e-01 2.48126864e+00 -2.95711565e+00 3.88495028e-01
  2.18006277e+00 -3.16512108e+00 3.61045659e-01 1.85222101e+00
  -3.33530331e+00 3.29072177e-01 1.50582755e+00 -3.47182846e+00
  2.93906510e-01 1.14247382e+00 -3.56005049e+00 2.55821615e-01
  7.67319858e-01 -3.62599230e+00 2.15360239e-01 3.85453194e-01
  -3.62739944e+00 1.70838431e-01 -1.48082239e-04 -3.61689997e+00
  1.26486808e-01 -3.86867613e-01 -3.53759384e+00 8.01449791e-02
  -7.63982713e-01 -3.44387197e+00 3.23858522e-02 -1.13904083e+00
  -3.28846383e+00 -1.42901689e-02 -1.49170434e+00 -3.11509991e+00
  -6.19419850e-02 -1.83585238e+00 -2.89155531e+00 -1.07898392e-01
  -2.15073228e+00 -2.65073705e+00 -1.53361961e-01 -2.45184350e+00
  -2.36561227e+00 -1.96021900e-01 -2.71307135e+00 -2.06380033e+00
  -2.37410918e-01 -2.95299339e+00 -1.73391724e+00 -2.75438994e-01
  -3.15612149e+00 -1.38644862e+00 -3.10619771e-01 -3.32332540e+00
  -1.02230358e+00 -3.42918575e-01 -3.45698237e+00 -6.45685494e-01
  -3.70108873e-01 -3.54556179e+00 -2.61969537e-01 -3.94867301e-01
  -3.60517240e+00 1.25036553e-01 -4.12862331e-01 -3.60874057e+00
  5.13609827e-01 -4.29231822e-01 -3.59477139e+00 8.93075645e-01
  -4.37390894e-01 -3.51257086e+00 1.27068627e+00 -4.44228321e-01
  -3.41908121e+00 1.62609637e+00 -4.42374289e-01 -3.26124144e+00
  1.97466552e+00 -4.39344794e-01 -3.09031510e+00 2.29205418e+00
  -4.28106099e-01 -2.86537147e+00 2.59581804e+00 -4.14561719e-01
  -2.62403679e+00 2.85909629e+00 -3.94388586e-01 -2.33778477e+00
  3.10400844e+00 -3.70911151e-01 -2.03822899e+00 3.30883598e+00
  -3.43137205e-01 -1.70828772e+00 3.47839665e+00 -3.11430186e-01
  -1.36134338e+00 3.61558199e+00 -2.76112169e-01 -9.98434842e-01
  3.70668125e+00 -2.37961039e-01 -6.23829007e-01 3.76735234e+00
  -1.97131097e-01 -2.41185978e-01 3.77431583e+00 -1.53210774e-01
  1.43920824e-01 3.76038170e+00 -1.08950101e-01 5.30225992e-01
  3.68337893e+00 -6.18473589e-02 9.08231258e-01 3.59178615e+00
  -1.49855893e-02 1.28364873e+00 3.43197727e+00 3.23605314e-02
  1.63514245e+00 3.26396346e+00 7.97896162e-02 1.98178887e+00
  3.03541636e+00 1.25619233e-01 2.29460835e+00 2.79607415e+00
  1.71133295e-01 2.59626603e+00 2.50933433e+00 2.14199290e-01
  2.85702610e+00 2.20908642e+00 2.55511582e-01 3.09721851e+00
  1.87685049e+00 2.93207437e-01 3.29654479e+00 1.53032160e+00
  3.28625083e-01 3.46664190e+00 1.16748571e+00 3.61178875e-01
  3.60277152e+00 7.90356934e-01 3.87877107e-01 3.68786550e+00
  4.06767964e-01 4.12791491e-01 3.75001359e+00 1.94890201e-02
  4.30924952e-01 3.75363517e+00 -3.69578689e-01 4.47708160e-01
  3.74119115e+00 -7.49087334e-01 4.55486685e-01 3.65721512e+00</points>
</opencv_storage>
