<?xml version="1.0"?>
<opencv_storage>
<P type_id="opencv-matrix">
  <rows>4</rows>
  <cols>4</cols>
  <dt>f</dt>
  <data>
    -1.20512097e+03 -4.43865283e+03 4.96684570e+01 16840422.
    6.87225647e+02 -3.53333069e+02 -4.46422070e+03 13967944.
    8.88048708e-01 -4.56811905e-01 5.19004725e-02 1.75459785e+04 0. 0.
    0. 1.</data></P>
<RT type_id="opencv-matrix">
  <rows>3</rows>
  <cols>4</cols>
  <dt>f</dt>
  <data>
    -4.57426816e-01 -8.89248073e-01 -3.46790839e-05 -8.26264441e-01
    4.61683013e-02 -2.37099361e-02 -9.98652160e-01 9.98845215e+02
    8.88048708e-01 -4.56811905e-01 5.19004725e-02 1.75459785e+04</data></RT>
<R type_id="opencv-matrix">
  <rows>3</rows>
  <cols>3</cols>
  <dt>f</dt>
  <data>
    -4.57426816e-01 -8.89248073e-01 -3.46790839e-05 4.61683013e-02
    -2.37099361e-02 -9.98652160e-01 8.88048708e-01 -4.56811905e-01
    5.19004725e-02</data></R>
<t type_id="opencv-matrix">
  <rows>3</rows>
  <cols>1</cols>
  <dt>f</dt>
  <data>
    -8.26264441e-01 9.98845215e+02 1.75459785e+04</data></t>
<Intrinsics type_id="opencv-matrix">
  <rows>3</rows>
  <cols>3</cols>
  <dt>f</dt>
  <data>
    4.49831006e+03 0. 960. 0. 4.49831006e+03 540. 0. 0. 1.</data></Intrinsics>
</opencv_storage>
