<?xml version="1.0"?>
<opencv_storage>
<P type_id="opencv-matrix">
  <rows>4</rows>
  <cols>4</cols>
  <dt>f</dt>
  <data>
    -7.34922485e+02 -4.54448926e+03 4.94382019e+01 16889846.
    7.20051514e+02 -2.79130219e+02 -4.46861572e+03 13998871.
    9.31034088e-01 -3.61246496e-01 5.17444722e-02 1.75970957e+04 0. 0.
    0. 1.</data></P>
<RT type_id="opencv-matrix">
  <rows>3</rows>
  <cols>4</cols>
  <dt>f</dt>
  <data>
    -3.61728519e-01 -9.32283998e-01 -5.25231590e-05 -7.47527361e-01
    4.82595786e-02 -1.86686106e-02 -9.98660326e-01 9.98634094e+02
    9.31034088e-01 -3.61246496e-01 5.17444722e-02 1.75970957e+04</data></RT>
<R type_id="opencv-matrix">
  <rows>3</rows>
  <cols>3</cols>
  <dt>f</dt>
  <data>
    -3.61728519e-01 -9.32283998e-01 -5.25231590e-05 4.82595786e-02
    -1.86686106e-02 -9.98660326e-01 9.31034088e-01 -3.61246496e-01
    5.17444722e-02</data></R>
<t type_id="opencv-matrix">
  <rows>3</rows>
  <cols>1</cols>
  <dt>f</dt>
  <data>
    -7.47527361e-01 9.98634094e+02 1.75970957e+04</data></t>
<Intrinsics type_id="opencv-matrix">
  <rows>3</rows>
  <cols>3</cols>
  <dt>f</dt>
  <data>
    4.50258984e+03 0. 960. 0. 4.50258984e+03 540. 0. 0. 1.</data></Intrinsics>
</opencv_storage>
