<?xml version="1.0"?>
<opencv_storage>
<P type_id="opencv-matrix">
  <rows>4</rows>
  <cols>4</cols>
  <dt>f</dt>
  <data>
    -2.55013184e+02 -4.59098047e+03 4.98917160e+01 16828414.
    7.44998230e+02 -2.02800491e+02 -4.46300928e+03 13960262.
    9.63659167e-01 -2.62071103e-01 5.17748371e-02 1.75337500e+04 0. 0.
    0. 1.</data></P>
<RT type_id="opencv-matrix">
  <rows>3</rows>
  <cols>4</cols>
  <dt>f</dt>
  <data>
    -2.62425154e-01 -9.64952707e-01 4.17770389e-05 -8.86177182e-01
    4.99493591e-02 -1.36273270e-02 -9.98658657e-01 9.98896484e+02
    9.63659167e-01 -2.62071103e-01 5.17748371e-02 1.75337500e+04</data></RT>
<R type_id="opencv-matrix">
  <rows>3</rows>
  <cols>3</cols>
  <dt>f</dt>
  <data>
    -2.62425154e-01 -9.64952707e-01 4.17770389e-05 4.99493591e-02
    -1.36273270e-02 -9.98658657e-01 9.63659167e-01 -2.62071103e-01
    5.17748371e-02</data></R>
<t type_id="opencv-matrix">
  <rows>3</rows>
  <cols>1</cols>
  <dt>f</dt>
  <data>
    -8.86177182e-01 9.98896484e+02 1.75337500e+04</data></t>
<Intrinsics type_id="opencv-matrix">
  <rows>3</rows>
  <cols>3</cols>
  <dt>f</dt>
  <data>
    4497. 0. 960. 0. 4497. 540. 0. 0. 1.</data></Intrinsics>
</opencv_storage>
