<?xml version="1.0"?>
<opencv_storage>
<P type_id="opencv-matrix">
  <rows>4</rows>
  <cols>4</cols>
  <dt>f</dt>
  <data>
    1.17693262e+03 -4.44491309e+03 4.93129387e+01 16898494.
    7.69997742e+02 3.77375793e+01 -4.46324512e+03 13998561.
    9.97483432e-01 4.87100296e-02 5.15094101e-02 1.76051367e+04 0. 0. 0.
    1.</data></P>
<RT type_id="opencv-matrix">
  <rows>3</rows>
  <cols>4</cols>
  <dt>f</dt>
  <data>
    4.87762988e-02 -9.98809218e-01 -3.02633434e-05 -5.41908443e-01
    5.14465533e-02 2.54260376e-03 -9.98672485e-01 9.98834229e+02
    9.97483432e-01 4.87100296e-02 5.15094101e-02 1.76051367e+04</data></RT>
<R type_id="opencv-matrix">
  <rows>3</rows>
  <cols>3</cols>
  <dt>f</dt>
  <data>
    4.87762988e-02 -9.98809218e-01 -3.02633434e-05 5.14465533e-02
    2.54260376e-03 -9.98672485e-01 9.97483432e-01 4.87100296e-02
    5.15094101e-02</data></R>
<t type_id="opencv-matrix">
  <rows>3</rows>
  <cols>1</cols>
  <dt>f</dt>
  <data>
    -5.41908443e-01 9.98834229e+02 1.76051367e+04</data></t>
<Intrinsics type_id="opencv-matrix">
  <rows>3</rows>
  <cols>3</cols>
  <dt>f</dt>
  <data>
    4.49702979e+03 0. 960. 0. 4.49702979e+03 540. 0. 0. 1.</data></Intrinsics>
</opencv_storage>
