<?xml version="1.0"?>
<opencv_storage>
<P type_id="opencv-matrix">
  <rows>4</rows>
  <cols>4</cols>
  <dt>f</dt>
  <data>
    2.07391333e+03 -4.10166553e+03 4.96783485e+01 16883364.
    7.45848572e+02 1.96700684e+02 -4.46119629e+03 13988174.
    9.65610981e-01 2.54813224e-01 5.16278185e-02 1.75884160e+04 0. 0. 0.
    1.</data></P>
<RT type_id="opencv-matrix">
  <rows>3</rows>
  <cols>4</cols>
  <dt>f</dt>
  <data>
    2.55152196e-01 -9.66900647e-01 2.57268603e-05 -3.37221235e-01
    4.99255136e-02 1.31480815e-02 -9.98666346e-01 9.98967651e+02
    9.65610981e-01 2.54813224e-01 5.16278185e-02 1.75884160e+04</data></RT>
<R type_id="opencv-matrix">
  <rows>3</rows>
  <cols>3</cols>
  <dt>f</dt>
  <data>
    2.55152196e-01 -9.66900647e-01 2.57268603e-05 4.99255136e-02
    1.31480815e-02 -9.98666346e-01 9.65610981e-01 2.54813224e-01
    5.16278185e-02</data></R>
<t type_id="opencv-matrix">
  <rows>3</rows>
  <cols>1</cols>
  <dt>f</dt>
  <data>
    -3.37221235e-01 9.98967651e+02 1.75884160e+04</data></t>
<Intrinsics type_id="opencv-matrix">
  <rows>3</rows>
  <cols>3</cols>
  <dt>f</dt>
  <data>
    4.49506982e+03 0. 960. 0. 4.49506982e+03 540. 0. 0. 1.</data></Intrinsics>
</opencv_storage>
