<?xml version="1.0"?>
<opencv_storage>
<P type_id="opencv-matrix">
  <rows>4</rows>
  <cols>4</cols>
  <dt>f</dt>
  <data>
    2.49326172e+03 -3.86647095e+03 5.01320114e+01 16842804.
    7.22241150e+02 2.73754272e+02 -4.46563232e+03 13969475.
    9.33644474e-01 3.54436010e-01 5.18054478e-02 1.75463066e+04 0. 0. 0.
    1.</data></P>
<RT type_id="opencv-matrix">
  <rows>3</rows>
  <cols>4</cols>
  <dt>f</dt>
  <data>
    3.54908317e-01 -9.34901536e-01 8.86252819e-05 -3.66683066e-01
    4.84644659e-02 1.83033887e-02 -9.98657167e-01 9.98848572e+02
    9.33644474e-01 3.54436010e-01 5.18054478e-02 1.75463066e+04</data></RT>
<R type_id="opencv-matrix">
  <rows>3</rows>
  <cols>3</cols>
  <dt>f</dt>
  <data>
    3.54908317e-01 -9.34901536e-01 8.86252819e-05 4.84644659e-02
    1.83033887e-02 -9.98657167e-01 9.33644474e-01 3.54436010e-01
    5.18054478e-02</data></R>
<t type_id="opencv-matrix">
  <rows>3</rows>
  <cols>1</cols>
  <dt>f</dt>
  <data>
    -3.66683066e-01 9.98848572e+02 1.75463066e+04</data></t>
<Intrinsics type_id="opencv-matrix">
  <rows>3</rows>
  <cols>3</cols>
  <dt>f</dt>
  <data>
    4.49964990e+03 0. 960. 0. 4.49964990e+03 540. 0. 0. 1.</data></Intrinsics>
</opencv_storage>
