<?xml version="1.0"?>
<opencv_storage>
<P type_id="opencv-matrix">
  <rows>4</rows>
  <cols>4</cols>
  <dt>f</dt>
  <data>
    3.24244995e+03 -3.26302734e+03 4.99945908e+01 16846374.
    6.49570740e+02 4.18192017e+02 -4.46502979e+03 13969963.
    8.39533627e-01 5.40828288e-01 5.18487655e-02 1.75485059e+04 0. 0. 0.
    1.</data></P>
<RT type_id="opencv-matrix">
  <rows>3</rows>
  <cols>4</cols>
  <dt>f</dt>
  <data>
    5.41554630e-01 -8.40665698e-01 4.88491241e-05 -4.27796878e-02
    4.36139293e-02 2.80378964e-02 -9.98654842e-01 9.98819641e+02
    8.39533627e-01 5.40828288e-01 5.18487655e-02 1.75485059e+04</data></RT>
<R type_id="opencv-matrix">
  <rows>3</rows>
  <cols>3</cols>
  <dt>f</dt>
  <data>
    5.41554630e-01 -8.40665698e-01 4.88491241e-05 4.36139293e-02
    2.80378964e-02 -9.98654842e-01 8.39533627e-01 5.40828288e-01
    5.18487655e-02</data></R>
<t type_id="opencv-matrix">
  <rows>3</rows>
  <cols>1</cols>
  <dt>f</dt>
  <data>
    -4.27796878e-02 9.98819641e+02 1.75485059e+04</data></t>
<Intrinsics type_id="opencv-matrix">
  <rows>3</rows>
  <cols>3</cols>
  <dt>f</dt>
  <data>
    4.49908008e+03 0. 960. 0. 4.49908008e+03 540. 0. 0. 1.</data></Intrinsics>
</opencv_storage>
