<?xml version="1.0"?>
<opencv_storage>
<P type_id="opencv-matrix">
  <rows>4</rows>
  <cols>4</cols>
  <dt>f</dt>
  <data>
    3.56532935e+03 -2.90670166e+03 4.97725716e+01 16865676.
    6.01972778e+02 4.83569702e+02 -4.46505859e+03 13981835.
    7.78496802e-01 6.25510871e-01 5.17600961e-02 1.75690801e+04 0. 0. 0.
    1.</data></P>
<RT type_id="opencv-matrix">
  <rows>3</rows>
  <cols>4</cols>
  <dt>f</dt>
  <data>
    6.26349688e-01 -7.79542327e-01 1.84219152e-05 -1.42575413e-01
    4.03607227e-02 3.24055403e-02 -9.98659492e-01 9.98997925e+02
    7.78496802e-01 6.25510871e-01 5.17600961e-02 1.75690801e+04</data></RT>
<R type_id="opencv-matrix">
  <rows>3</rows>
  <cols>3</cols>
  <dt>f</dt>
  <data>
    6.26349688e-01 -7.79542327e-01 1.84219152e-05 4.03607227e-02
    3.24055403e-02 -9.98659492e-01 7.78496802e-01 6.25510871e-01
    5.17600961e-02</data></R>
<t type_id="opencv-matrix">
  <rows>3</rows>
  <cols>1</cols>
  <dt>f</dt>
  <data>
    -1.42575413e-01 9.98997925e+02 1.75690801e+04</data></t>
<Intrinsics type_id="opencv-matrix">
  <rows>3</rows>
  <cols>3</cols>
  <dt>f</dt>
  <data>
    4.49904004e+03 0. 960. 0. 4.49904004e+03 540. 0. 0. 1.</data></Intrinsics>
</opencv_storage>
