<?xml version="1.0"?>
<opencv_storage>
<P type_id="opencv-matrix">
  <rows>4</rows>
  <cols>4</cols>
  <dt>f</dt>
  <data>
    3.85112378e+03 -2.51798169e+03 4.96719818e+01 16861384.
    5.48196533e+02 5.44454773e+02 -4.46619531e+03 13978686.
    7.08667099e-01 7.03635037e-01 5.18531539e-02 1.75625918e+04 0. 0. 0.
    1.</data></P>
<RT type_id="opencv-matrix">
  <rows>3</rows>
  <cols>4</cols>
  <dt>f</dt>
  <data>
    7.04583824e-01 -7.09620893e-01 -2.37863496e-05 2.87817925e-01
    3.67793627e-02 3.65517177e-02 -9.98654664e-01 9.98808167e+02
    7.08667099e-01 7.03635037e-01 5.18531539e-02 1.75625918e+04</data></RT>
<R type_id="opencv-matrix">
  <rows>3</rows>
  <cols>3</cols>
  <dt>f</dt>
  <data>
    7.04583824e-01 -7.09620893e-01 -2.37863496e-05 3.67793627e-02
    3.65517177e-02 -9.98654664e-01 7.08667099e-01 7.03635037e-01
    5.18531539e-02</data></R>
<t type_id="opencv-matrix">
  <rows>3</rows>
  <cols>1</cols>
  <dt>f</dt>
  <data>
    2.87817925e-01 9.98808167e+02 1.75625918e+04</data></t>
<Intrinsics type_id="opencv-matrix">
  <rows>3</rows>
  <cols>3</cols>
  <dt>f</dt>
  <data>
    4.50025000e+03 0. 960. 0. 4.50025000e+03 540. 0. 0. 1.</data></Intrinsics>
</opencv_storage>
