<?xml version="1.0"?>
<opencv_storage>
<P type_id="opencv-matrix">
  <rows>4</rows>
  <cols>4</cols>
  <dt>f</dt>
  <data>
    4.09181641e+03 -2.10225024e+03 4.93318672e+01 16857122.
    4.88118439e+02 5.98697937e+02 -4.46521582e+03 13975403.
    6.31474137e-01 7.73662984e-01 5.18282913e-02 1.75589043e+04 0. 0. 0.
    1.</data></P>
<RT type_id="opencv-matrix">
  <rows>3</rows>
  <cols>4</cols>
  <dt>f</dt>
  <data>
    7.74707198e-01 -6.32320225e-01 -9.40802711e-05 1.27526566e-01
    3.26993167e-02 4.02111299e-02 -9.98655975e-01 9.98743042e+02
    6.31474137e-01 7.73662984e-01 5.18282913e-02 1.75589043e+04</data></RT>
<R type_id="opencv-matrix">
  <rows>3</rows>
  <cols>3</cols>
  <dt>f</dt>
  <data>
    7.74707198e-01 -6.32320225e-01 -9.40802711e-05 3.26993167e-02
    4.02111299e-02 -9.98655975e-01 6.31474137e-01 7.73662984e-01
    5.18282913e-02</data></R>
<t type_id="opencv-matrix">
  <rows>3</rows>
  <cols>1</cols>
  <dt>f</dt>
  <data>
    1.27526566e-01 9.98743042e+02 1.75589043e+04</data></t>
<Intrinsics type_id="opencv-matrix">
  <rows>3</rows>
  <cols>3</cols>
  <dt>f</dt>
  <data>
    4.49925000e+03 0. 960. 0. 4.49925000e+03 540. 0. 0. 1.</data></Intrinsics>
</opencv_storage>
