<?xml version="1.0"?>
<opencv_storage>
<P type_id="opencv-matrix">
  <rows>4</rows>
  <cols>4</cols>
  <dt>f</dt>
  <data>
    4.43994824e+03 -1.20515381e+03 4.96590195e+01 16851486.
    3.53211578e+02 6.87120789e+02 -4.46554590e+03 13972383.
    4.56701547e-01 8.88107598e-01 5.18524498e-02 1.75509492e+04 0. 0. 0.
    1.</data></P>
<RT type_id="opencv-matrix">
  <rows>3</rows>
  <cols>4</cols>
  <dt>f</dt>
  <data>
    8.89304578e-01 -4.57315534e-01 -2.65203143e-05 5.72350562e-01
    2.36893836e-02 4.61246930e-02 -9.98654664e-01 9.98948792e+02
    4.56701547e-01 8.88107598e-01 5.18524498e-02 1.75509492e+04</data></RT>
<R type_id="opencv-matrix">
  <rows>3</rows>
  <cols>3</cols>
  <dt>f</dt>
  <data>
    8.89304578e-01 -4.57315534e-01 -2.65203143e-05 2.36893836e-02
    4.61246930e-02 -9.98654664e-01 4.56701547e-01 8.88107598e-01
    5.18524498e-02</data></R>
<t type_id="opencv-matrix">
  <rows>3</rows>
  <cols>1</cols>
  <dt>f</dt>
  <data>
    5.72350562e-01 9.98948792e+02 1.75509492e+04</data></t>
<Intrinsics type_id="opencv-matrix">
  <rows>3</rows>
  <cols>3</cols>
  <dt>f</dt>
  <data>
    4.49960010e+03 0. 960. 0. 4.49960010e+03 540. 0. 0. 1.</data></Intrinsics>
</opencv_storage>
