<?xml version="1.0"?>
<opencv_storage>
<P type_id="opencv-matrix">
  <rows>4</rows>
  <cols>4</cols>
  <dt>f</dt>
  <data>
    4.54045898e+03 -7.33182373e+02 4.94567795e+01 16882860.
    2.78985321e+02 7.19506653e+02 -4.46432959e+03 13987640.
    3.61213446e-01 9.31050599e-01 5.16696647e-02 1.75832363e+04 0. 0. 0.
    1.</data></P>
<RT type_id="opencv-matrix">
  <rows>3</rows>
  <cols>4</cols>
  <dt>f</dt>
  <data>
    9.32296574e-01 -3.61694992e-01 -3.24787579e-05 6.56284928e-01
    1.86584219e-02 4.81831320e-02 -9.98664200e-01 9.98766541e+02
    3.61213446e-01 9.31050599e-01 5.16696647e-02 1.75832363e+04</data></RT>
<R type_id="opencv-matrix">
  <rows>3</rows>
  <cols>3</cols>
  <dt>f</dt>
  <data>
    9.32296574e-01 -3.61694992e-01 -3.24787579e-05 1.86584219e-02
    4.81831320e-02 -9.98664200e-01 3.61213446e-01 9.31050599e-01
    5.16696647e-02</data></R>
<t type_id="opencv-matrix">
  <rows>3</rows>
  <cols>1</cols>
  <dt>f</dt>
  <data>
    6.56284928e-01 9.98766541e+02 1.75832363e+04</data></t>
<Intrinsics type_id="opencv-matrix">
  <rows>3</rows>
  <cols>3</cols>
  <dt>f</dt>
  <data>
    4.49824023e+03 0. 960. 0. 4.49824023e+03 540. 0. 0. 1.</data></Intrinsics>
</opencv_storage>
