<?xml version="1.0"?>
<opencv_storage>
<P type_id="opencv-matrix">
  <rows>4</rows>
  <cols>4</cols>
  <dt>f</dt>
  <data>
    4.59522803e+03 2.25865112e+02 4.98535500e+01 16905184.
    1.23825531e+02 7.61667236e+02 -4.46588721e+03 14001009.
    1.59898877e-01 9.85781610e-01 5.16442060e-02 1.76059160e+04 0. 0. 0.
    1.</data></P>
<RT type_id="opencv-matrix">
  <rows>3</rows>
  <cols>4</cols>
  <dt>f</dt>
  <data>
    9.87098336e-01 -1.60115659e-01 6.11390278e-05 7.78724611e-01
    8.32932722e-03 5.09680919e-02 -9.98665512e-01 9.98674316e+02
    1.59898877e-01 9.85781610e-01 5.16442060e-02 1.76059160e+04</data></RT>
<R type_id="opencv-matrix">
  <rows>3</rows>
  <cols>3</cols>
  <dt>f</dt>
  <data>
    9.87098336e-01 -1.60115659e-01 6.11390278e-05 8.32932722e-03
    5.09680919e-02 -9.98665512e-01 1.59898877e-01 9.85781610e-01
    5.16442060e-02</data></R>
<t type_id="opencv-matrix">
  <rows>3</rows>
  <cols>1</cols>
  <dt>f</dt>
  <data>
    7.78724611e-01 9.98674316e+02 1.76059160e+04</data></t>
<Intrinsics type_id="opencv-matrix">
  <rows>3</rows>
  <cols>3</cols>
  <dt>f</dt>
  <data>
    4.49977979e+03 0. 960. 0. 4.49977979e+03 540. 0. 0. 1.</data></Intrinsics>
</opencv_storage>
