<?xml version="1.0"?>
<opencv_storage>
<P type_id="opencv-matrix">
  <rows>4</rows>
  <cols>4</cols>
  <dt>f</dt>
  <data>
    4.54463965e+03 7.04577698e+02 4.93849449e+01 16838924.
    4.29957314e+01 7.71307800e+02 -4.46383789e+03 13962393.
    5.60925081e-02 9.97078180e-01 5.18536046e-02 1.75355508e+04 0. 0. 0.
    1.</data></P>
<RT type_id="opencv-matrix">
  <rows>3</rows>
  <cols>4</cols>
  <dt>f</dt>
  <data>
    9.98421669e-01 -5.61635196e-02 -8.77110870e-05 1.06592429e+00
    2.82483059e-03 5.17766289e-02 -9.98654604e-01 9.98956360e+02
    5.60925081e-02 9.97078180e-01 5.18536046e-02 1.75355508e+04</data></RT>
<R type_id="opencv-matrix">
  <rows>3</rows>
  <cols>3</cols>
  <dt>f</dt>
  <data>
    9.98421669e-01 -5.61635196e-02 -8.77110870e-05 2.82483059e-03
    5.17766289e-02 -9.98654604e-01 5.60925081e-02 9.97078180e-01
    5.18536046e-02</data></R>
<t type_id="opencv-matrix">
  <rows>3</rows>
  <cols>1</cols>
  <dt>f</dt>
  <data>
    1.06592429e+00 9.98956360e+02 1.75355508e+04</data></t>
<Intrinsics type_id="opencv-matrix">
  <rows>3</rows>
  <cols>3</cols>
  <dt>f</dt>
  <data>
    4.49789014e+03 0. 960. 0. 4.49789014e+03 540. 0. 0. 1.</data></Intrinsics>
</opencv_storage>
