<?xml version="1.0"?>
<opencv_storage>
<P type_id="opencv-matrix">
  <rows>4</rows>
  <cols>4</cols>
  <dt>f</dt>
  <data>
    4.30021338e+03 1.63473279e+03 4.96492538e+01 16841886.
    -1.18187469e+02 7.63631836e+02 -4.46537207e+03 13966669.
    -1.52539030e-01 9.86934543e-01 5.18843532e-02 1.75396074e+04 0. 0.
    0. 1.</data></P>
<RT type_id="opencv-matrix">
  <rows>3</rows>
  <cols>4</cols>
  <dt>f</dt>
  <data>
    9.88265395e-01 1.52746588e-01 -3.54984113e-05 8.58667135e-01
    -7.96017051e-03 5.12700789e-02 -9.98652995e-01 9.99073242e+02
    -1.52539030e-01 9.86934543e-01 5.18843532e-02 1.75396074e+04</data></RT>
<R type_id="opencv-matrix">
  <rows>3</rows>
  <cols>3</cols>
  <dt>f</dt>
  <data>
    9.88265395e-01 1.52746588e-01 -3.54984113e-05 -7.96017051e-03
    5.12700789e-02 -9.98652995e-01 -1.52539030e-01 9.86934543e-01
    5.18843532e-02</data></R>
<t type_id="opencv-matrix">
  <rows>3</rows>
  <cols>1</cols>
  <dt>f</dt>
  <data>
    8.58667135e-01 9.99073242e+02 1.75396074e+04</data></t>
<Intrinsics type_id="opencv-matrix">
  <rows>3</rows>
  <cols>3</cols>
  <dt>f</dt>
  <data>
    4.49945020e+03 0. 960. 0. 4.49945020e+03 540. 0. 0. 1.</data></Intrinsics>
</opencv_storage>
