<?xml version="1.0"?>
<opencv_storage>
<P type_id="opencv-matrix">
  <rows>4</rows>
  <cols>4</cols>
  <dt>f</dt>
  <data>
    4.10475439e+03 2.07453174e+03 4.94200211e+01 16899414.
    -1.96862930e+02 7.45759094e+02 -4.46432764e+03 13995149.
    -2.54770160e-01 9.65624928e-01 5.15818931e-02 1.75982930e+04 0. 0.
    0. 1.</data></P>
<RT type_id="opencv-matrix">
  <rows>3</rows>
  <cols>4</cols>
  <dt>f</dt>
  <data>
    9.66911852e-01 2.55110830e-01 -2.19191479e-05 1.12332892e+00
    -1.31802596e-02 4.98695262e-02 -9.98668730e-01 9.98644104e+02
    -2.54770160e-01 9.65624928e-01 5.15818931e-02 1.75982930e+04</data></RT>
<R type_id="opencv-matrix">
  <rows>3</rows>
  <cols>3</cols>
  <dt>f</dt>
  <data>
    9.66911852e-01 2.55110830e-01 -2.19191479e-05 -1.31802596e-02
    4.98695262e-02 -9.98668730e-01 -2.54770160e-01 9.65624928e-01
    5.15818931e-02</data></R>
<t type_id="opencv-matrix">
  <rows>3</rows>
  <cols>1</cols>
  <dt>f</dt>
  <data>
    1.12332892e+00 9.98644104e+02 1.75982930e+04</data></t>
<Intrinsics type_id="opencv-matrix">
  <rows>3</rows>
  <cols>3</cols>
  <dt>f</dt>
  <data>
    4.49816992e+03 0. 960. 0. 4.49816992e+03 540. 0. 0. 1.</data></Intrinsics>
</opencv_storage>
