<?xml version="1.0"?>
<opencv_storage>
<P type_id="opencv-matrix">
  <rows>4</rows>
  <cols>4</cols>
  <dt>f</dt>
  <data>
    3.86816138e+03 2.49381836e+03 4.99778709e+01 16853666.
    -2.73866364e+02 7.22197754e+02 -4.46740625e+03 13973370.
    -3.54418188e-01 9.33652043e-01 5.17850071e-02 1.75510957e+04 0. 0.
    0. 1.</data></P>
<RT type_id="opencv-matrix">
  <rows>3</rows>
  <cols>4</cols>
  <dt>f</dt>
  <data>
    9.34907675e-01 3.54891539e-01 5.87069189e-05 1.02492857e+00
    -1.83232650e-02 4.84349616e-02 -9.98658180e-01 9.98748901e+02
    -3.54418188e-01 9.33652043e-01 5.17850071e-02 1.75510957e+04</data></RT>
<R type_id="opencv-matrix">
  <rows>3</rows>
  <cols>3</cols>
  <dt>f</dt>
  <data>
    9.34907675e-01 3.54891539e-01 5.87069189e-05 -1.83232650e-02
    4.84349616e-02 -9.98658180e-01 -3.54418188e-01 9.33652043e-01
    5.17850071e-02</data></R>
<t type_id="opencv-matrix">
  <rows>3</rows>
  <cols>1</cols>
  <dt>f</dt>
  <data>
    1.02492857e+00 9.98748901e+02 1.75510957e+04</data></t>
<Intrinsics type_id="opencv-matrix">
  <rows>3</rows>
  <cols>3</cols>
  <dt>f</dt>
  <data>
    4.50141016e+03 0. 960. 0. 4.50141016e+03 540. 0. 0. 1.</data></Intrinsics>
</opencv_storage>
