<?xml version="1.0"?>
<opencv_storage>
<P type_id="opencv-matrix">
  <rows>4</rows>
  <cols>4</cols>
  <dt>f</dt>
  <data>
    3.26189966e+03 3.24195239e+03 4.94839973e+01 16847886.
    -4.18249481e+02 6.48862732e+02 -4.46393848e+03 13967008.
    -5.40862322e-01 8.39518189e-01 5.17363548e-02 1.75443066e+04 0. 0.
    0. 1.</data></P>
<RT type_id="opencv-matrix">
  <rows>3</rows>
  <cols>4</cols>
  <dt>f</dt>
  <data>
    8.40642869e-01 5.41589379e-01 -4.06644795e-05 1.18979466e+00
    -2.80539431e-02 4.34698202e-02 -9.98660743e-01 9.98928894e+02
    -5.40862322e-01 8.39518189e-01 5.17363548e-02 1.75443066e+04</data></RT>
<R type_id="opencv-matrix">
  <rows>3</rows>
  <cols>3</cols>
  <dt>f</dt>
  <data>
    8.40642869e-01 5.41589379e-01 -4.06644795e-05 -2.80539431e-02
    4.34698202e-02 -9.98660743e-01 -5.40862322e-01 8.39518189e-01
    5.17363548e-02</data></R>
<t type_id="opencv-matrix">
  <rows>3</rows>
  <cols>1</cols>
  <dt>f</dt>
  <data>
    1.18979466e+00 9.98928894e+02 1.75443066e+04</data></t>
<Intrinsics type_id="opencv-matrix">
  <rows>3</rows>
  <cols>3</cols>
  <dt>f</dt>
  <data>
    4.49789990e+03 0. 960. 0. 4.49789990e+03 540. 0. 0. 1.</data></Intrinsics>
</opencv_storage>
