<?xml version="1.0"?>
<opencv_storage>
<P type_id="opencv-matrix">
  <rows>4</rows>
  <cols>4</cols>
  <dt>f</dt>
  <data>
    2.51898022e+03 3.85163184e+03 5.00534172e+01 16865808.
    -5.43764832e+02 5.48270386e+02 -4.46727783e+03 13982393.
    -7.03587890e-01 7.08721161e-01 5.17446995e-02 1.75650859e+04 0. 0.
    0. 1.</data></P>
<RT type_id="opencv-matrix">
  <rows>3</rows>
  <cols>4</cols>
  <dt>f</dt>
  <data>
    7.09675014e-01 7.04528630e-01 8.40888024e-05 7.38823950e-01
    -3.63959782e-02 3.67811061e-02 -9.98660326e-01 9.99110596e+02
    -7.03587890e-01 7.08721161e-01 5.17446995e-02 1.75650859e+04</data></RT>
<R type_id="opencv-matrix">
  <rows>3</rows>
  <cols>3</cols>
  <dt>f</dt>
  <data>
    7.09675014e-01 7.04528630e-01 8.40888024e-05 -3.63959782e-02
    3.67811061e-02 -9.98660326e-01 -7.03587890e-01 7.08721161e-01
    5.17446995e-02</data></R>
<t type_id="opencv-matrix">
  <rows>3</rows>
  <cols>1</cols>
  <dt>f</dt>
  <data>
    7.38823950e-01 9.99110596e+02 1.75650859e+04</data></t>
<Intrinsics type_id="opencv-matrix">
  <rows>3</rows>
  <cols>3</cols>
  <dt>f</dt>
  <data>
    4.50125000e+03 0. 960. 0. 4.50125000e+03 540. 0. 0. 1.</data></Intrinsics>
</opencv_storage>
