<?xml version="1.0"?>
<opencv_storage>
<P type_id="opencv-matrix">
  <rows>4</rows>
  <cols>4</cols>
  <dt>f</dt>
  <data>
    1.66212109e+03 4.29036279e+03 4.95472565e+01 16874978.
    -6.46246460e+02 4.22766541e+02 -4.46608936e+03 13984545.
    -8.35608125e-01 5.46880662e-01 5.17705679e-02 1.75735879e+04 0. 0.
    0. 1.</data></P>
<RT type_id="opencv-matrix">
  <rows>3</rows>
  <cols>4</cols>
  <dt>f</dt>
  <data>
    5.47613561e-01 8.36731195e-01 -3.38856298e-05 9.62975740e-01
    -4.33365777e-02 2.83219349e-02 -9.98658955e-01 9.98828308e+02
    -8.35608125e-01 5.46880662e-01 5.17705679e-02 1.75735879e+04</data></RT>
<R type_id="opencv-matrix">
  <rows>3</rows>
  <cols>3</cols>
  <dt>f</dt>
  <data>
    5.47613561e-01 8.36731195e-01 -3.38856298e-05 -4.33365777e-02
    2.83219349e-02 -9.98658955e-01 -8.35608125e-01 5.46880662e-01
    5.17705679e-02</data></R>
<t type_id="opencv-matrix">
  <rows>3</rows>
  <cols>1</cols>
  <dt>f</dt>
  <data>
    9.62975740e-01 9.98828308e+02 1.75735879e+04</data></t>
<Intrinsics type_id="opencv-matrix">
  <rows>3</rows>
  <cols>3</cols>
  <dt>f</dt>
  <data>
    4.50008008e+03 0. 960. 0. 4.50008008e+03 540. 0. 0. 1.</data></Intrinsics>
</opencv_storage>
