<?xml version="1.0"?>
<opencv_storage>
<P type_id="opencv-matrix">
  <rows>4</rows>
  <cols>4</cols>
  <dt>f</dt>
  <data>
    7.33168945e+02 4.54076270e+03 4.99232750e+01 16881732.
    -7.19339050e+02 2.79399231e+02 -4.46464258e+03 13987573.
    -9.31062698e-01 3.61183167e-01 5.16645797e-02 1.75812188e+04 0. 0.
    0. 1.</data></P>
<RT type_id="opencv-matrix">
  <rows>3</rows>
  <cols>4</cols>
  <dt>f</dt>
  <data>
    3.61669689e-01 9.32306409e-01 7.23077464e-05 8.36204290e-01
    -4.81411181e-02 1.87527854e-02 -9.98664439e-01 9.98925293e+02
    -9.31062698e-01 3.61183167e-01 5.16645797e-02 1.75812188e+04</data></RT>
<R type_id="opencv-matrix">
  <rows>3</rows>
  <cols>3</cols>
  <dt>f</dt>
  <data>
    3.61669689e-01 9.32306409e-01 7.23077464e-05 -4.81411181e-02
    1.87527854e-02 -9.98664439e-01 -9.31062698e-01 3.61183167e-01
    5.16645797e-02</data></R>
<t type_id="opencv-matrix">
  <rows>3</rows>
  <cols>1</cols>
  <dt>f</dt>
  <data>
    8.36204290e-01 9.98925293e+02 1.75812188e+04</data></t>
<Intrinsics type_id="opencv-matrix">
  <rows>3</rows>
  <cols>3</cols>
  <dt>f</dt>
  <data>
    4.49854980e+03 0. 960. 0. 4.49854980e+03 540. 0. 0. 1.</data></Intrinsics>
</opencv_storage>
