<?xml version="1.0"?>
<opencv_storage>
<P type_id="opencv-matrix">
  <rows>4</rows>
  <cols>4</cols>
  <dt>f</dt>
  <data>
    -7.04940796e+02 4.54878076e+03 4.95400429e+01 16850464.
    -7.71620300e+02 4.30445213e+01 -4.46805566e+03 13974329.
    -9.97085273e-01 5.59590533e-02 5.18746376e-02 1.75492656e+04 0. 0.
    0. 1.</data></P>
<RT type_id="opencv-matrix">
  <rows>3</rows>
  <cols>4</cols>
  <dt>f</dt>
  <data>
    5.60314991e-02 9.98429716e-01 -5.76633538e-05 7.04050004e-01
    -5.17964251e-02 2.84901471e-03 -9.98653471e-01 9.99021729e+02
    -9.97085273e-01 5.59590533e-02 5.18746376e-02 1.75492656e+04</data></RT>
<R type_id="opencv-matrix">
  <rows>3</rows>
  <cols>3</cols>
  <dt>f</dt>
  <data>
    5.60314991e-02 9.98429716e-01 -5.76633538e-05 -5.17964251e-02
    2.84901471e-03 -9.98653471e-01 -9.97085273e-01 5.59590533e-02
    5.18746376e-02</data></R>
<t type_id="opencv-matrix">
  <rows>3</rows>
  <cols>1</cols>
  <dt>f</dt>
  <data>
    7.04050004e-01 9.99021729e+02 1.75492656e+04</data></t>
<Intrinsics type_id="opencv-matrix">
  <rows>3</rows>
  <cols>3</cols>
  <dt>f</dt>
  <data>
    4.50212988e+03 0. 960. 0. 4.50212988e+03 540. 0. 0. 1.</data></Intrinsics>
</opencv_storage>
