<?xml version="1.0"?>
<opencv_storage>
<P type_id="opencv-matrix">
  <rows>4</rows>
  <cols>4</cols>
  <dt>f</dt>
  <data>
    -2.49379443e+03 3.86656128e+03 5.00297623e+01 16841046.
    -7.22083862e+02 -2.73859711e+02 -4.46602441e+03 13967412.
    -9.33609843e-01 -3.54532182e-01 5.17766029e-02 1.75424922e+04 0. 0.
    0. 1.</data></P>
<RT type_id="opencv-matrix">
  <rows>3</rows>
  <cols>4</cols>
  <dt>f</dt>
  <data>
    -3.55004877e-01 9.34865177e-01 7.20490061e-05 5.61505519e-02
    -4.84296866e-02 -1.83137730e-02 -9.98658597e-01 9.98765869e+02
    -9.33609843e-01 -3.54532182e-01 5.17766029e-02 1.75424922e+04</data></RT>
<R type_id="opencv-matrix">
  <rows>3</rows>
  <cols>3</cols>
  <dt>f</dt>
  <data>
    -3.55004877e-01 9.34865177e-01 7.20490061e-05 -4.84296866e-02
    -1.83137730e-02 -9.98658597e-01 -9.33609843e-01 -3.54532182e-01
    5.17766029e-02</data></R>
<t type_id="opencv-matrix">
  <rows>3</rows>
  <cols>1</cols>
  <dt>f</dt>
  <data>
    5.61505519e-02 9.98765869e+02 1.75424922e+04</data></t>
<Intrinsics type_id="opencv-matrix">
  <rows>3</rows>
  <cols>3</cols>
  <dt>f</dt>
  <data>
    4.50002002e+03 0. 960. 0. 4.50002002e+03 540. 0. 0. 1.</data></Intrinsics>
</opencv_storage>
