<?xml version="1.0"?>
<opencv_storage>
<P type_id="opencv-matrix">
  <rows>4</rows>
  <cols>4</cols>
  <dt>f</dt>
  <data>
    -2.88485156e+03 3.58801001e+03 4.96991692e+01 16893862.
    -6.89126526e+02 -3.47690643e+02 -4.46910596e+03 13999546.
    -8.91542196e-01 -4.49980825e-01 5.16526103e-02 1.75959355e+04 0. 0.
    0. 1.</data></P>
<RT type_id="opencv-matrix">
  <rows>3</rows>
  <cols>4</cols>
  <dt>f</dt>
  <data>
    -4.50581104e-01 8.92734408e-01 2.50196517e-05 3.91852766e-01
    -4.61233109e-02 -2.32513379e-02 -9.98665094e-01 9.98829956e+02
    -8.91542196e-01 -4.49980825e-01 5.16526103e-02 1.75959355e+04</data></RT>
<R type_id="opencv-matrix">
  <rows>3</rows>
  <cols>3</cols>
  <dt>f</dt>
  <data>
    -4.50581104e-01 8.92734408e-01 2.50196517e-05 -4.61233109e-02
    -2.32513379e-02 -9.98665094e-01 -8.91542196e-01 -4.49980825e-01
    5.16526103e-02</data></R>
<t type_id="opencv-matrix">
  <rows>3</rows>
  <cols>1</cols>
  <dt>f</dt>
  <data>
    3.91852766e-01 9.98829956e+02 1.75959355e+04</data></t>
<Intrinsics type_id="opencv-matrix">
  <rows>3</rows>
  <cols>3</cols>
  <dt>f</dt>
  <data>
    4.50300977e+03 0. 960. 0. 4.50300977e+03 540. 0. 0. 1.</data></Intrinsics>
</opencv_storage>
