<?xml version="1.0"?>
<opencv_storage>
<P type_id="opencv-matrix">
  <rows>4</rows>
  <cols>4</cols>
  <dt>f</dt>
  <data>
    -3.56554956e+03 2.90783569e+03 4.98894463e+01 16866738.
    -6.02251953e+02 -4.83574768e+02 -4.46592725e+03 13983727.
    -7.78571010e-01 -6.25418365e-01 5.17986044e-02 1.75712090e+04 0. 0.
    0. 1.</data></P>
<RT type_id="opencv-matrix">
  <rows>3</rows>
  <cols>4</cols>
  <dt>f</dt>
  <data>
    -6.26257539e-01 7.79618680e-01 3.61754319e-05 -3.60465676e-01
    -4.04057801e-02 -3.24112885e-02 -9.98657465e-01 9.98963135e+02
    -7.78571010e-01 -6.25418365e-01 5.17986044e-02 1.75712090e+04</data></RT>
<R type_id="opencv-matrix">
  <rows>3</rows>
  <cols>3</cols>
  <dt>f</dt>
  <data>
    -6.26257539e-01 7.79618680e-01 3.61754319e-05 -4.04057801e-02
    -3.24112885e-02 -9.98657465e-01 -7.78571010e-01 -6.25418365e-01
    5.17986044e-02</data></R>
<t type_id="opencv-matrix">
  <rows>3</rows>
  <cols>1</cols>
  <dt>f</dt>
  <data>
    -3.60465676e-01 9.98963135e+02 1.75712090e+04</data></t>
<Intrinsics type_id="opencv-matrix">
  <rows>3</rows>
  <cols>3</cols>
  <dt>f</dt>
  <data>
    4.49993994e+03 0. 960. 0. 4.49993994e+03 540. 0. 0. 1.</data></Intrinsics>
</opencv_storage>
