<?xml version="1.0"?>
<opencv_storage>
<P type_id="opencv-matrix">
  <rows>4</rows>
  <cols>4</cols>
  <dt>f</dt>
  <data>
    -3.84762671e+03 2.51504663e+03 4.97860832e+01 16840724.
    -5.47991394e+02 -5.43902344e+02 -4.46161230e+03 13963745.
    -7.08734572e-01 -7.03574002e-01 5.17869368e-02 1.75432617e+04 0. 0.
    0. 1.</data></P>
<RT type_id="opencv-matrix">
  <rows>3</rows>
  <cols>4</cols>
  <dt>f</dt>
  <data>
    -7.04518735e-01 7.09687412e-01 1.57095128e-05 -1.79649964e-01
    -3.67635824e-02 -3.64738926e-02 -9.98658121e-01 9.98837585e+02
    -7.08734572e-01 -7.03574002e-01 5.17869368e-02 1.75432617e+04</data></RT>
<R type_id="opencv-matrix">
  <rows>3</rows>
  <cols>3</cols>
  <dt>f</dt>
  <data>
    -7.04518735e-01 7.09687412e-01 1.57095128e-05 -3.67635824e-02
    -3.64738926e-02 -9.98658121e-01 -7.08734572e-01 -7.03574002e-01
    5.17869368e-02</data></R>
<t type_id="opencv-matrix">
  <rows>3</rows>
  <cols>1</cols>
  <dt>f</dt>
  <data>
    -1.79649964e-01 9.98837585e+02 1.75432617e+04</data></t>
<Intrinsics type_id="opencv-matrix">
  <rows>3</rows>
  <cols>3</cols>
  <dt>f</dt>
  <data>
    4.49560986e+03 0. 960. 0. 4.49560986e+03 540. 0. 0. 1.</data></Intrinsics>
</opencv_storage>
