<?xml version="1.0"?>
<opencv_storage>
<P type_id="opencv-matrix">
  <rows>4</rows>
  <cols>4</cols>
  <dt>f</dt>
  <data>
    -4.09202393e+03 2.10169238e+03 4.91598282e+01 16852640.
    -4.87825531e+02 -5.98701843e+02 -4.46517676e+03 13974258.
    -6.31379366e-01 -7.73741782e-01 5.17885648e-02 1.75540059e+04 0. 0.
    0. 1.</data></P>
<RT type_id="opencv-matrix">
  <rows>3</rows>
  <cols>4</cols>
  <dt>f</dt>
  <data>
    -7.74785519e-01 6.32222831e-01 -1.23843391e-04 1.76770911e-01
    -3.26460935e-02 -4.02031578e-02 -9.98658061e-01 9.99091919e+02
    -6.31379366e-01 -7.73741782e-01 5.17885648e-02 1.75540059e+04</data></RT>
<R type_id="opencv-matrix">
  <rows>3</rows>
  <cols>3</cols>
  <dt>f</dt>
  <data>
    -7.74785519e-01 6.32222831e-01 -1.23843391e-04 -3.26460935e-02
    -4.02031578e-02 -9.98658061e-01 -6.31379366e-01 -7.73741782e-01
    5.17885648e-02</data></R>
<t type_id="opencv-matrix">
  <rows>3</rows>
  <cols>1</cols>
  <dt>f</dt>
  <data>
    1.76770911e-01 9.99091919e+02 1.75540059e+04</data></t>
<Intrinsics type_id="opencv-matrix">
  <rows>3</rows>
  <cols>3</cols>
  <dt>f</dt>
  <data>
    4.49918018e+03 0. 960. 0. 4.49918018e+03 540. 0. 0. 1.</data></Intrinsics>
</opencv_storage>
