<?xml version="1.0"?>
<opencv_storage>
<P type_id="opencv-matrix">
  <rows>4</rows>
  <cols>4</cols>
  <dt>f</dt>
  <data>
    -4.29169971e+03 1.66352979e+03 4.95421600e+01 16873880.
    -4.22912628e+02 -6.46377014e+02 -4.46786963e+03 13989256.
    -5.46962202e-01 -8.35552275e-01 5.17922491e-02 1.75784902e+04 0. 0.
    0. 1.</data></P>
<RT type_id="opencv-matrix">
  <rows>3</rows>
  <cols>4</cols>
  <dt>f</dt>
  <data>
    -8.36676300e-01 5.47695637e-01 -3.96273863e-05 -3.26588124e-01
    -2.83332802e-02 -4.33549508e-02 -9.98657823e-01 9.98887451e+02
    -5.46962202e-01 -8.35552275e-01 5.17922491e-02 1.75784902e+04</data></RT>
<R type_id="opencv-matrix">
  <rows>3</rows>
  <cols>3</cols>
  <dt>f</dt>
  <data>
    -8.36676300e-01 5.47695637e-01 -3.96273863e-05 -2.83332802e-02
    -4.33549508e-02 -9.98657823e-01 -5.46962202e-01 -8.35552275e-01
    5.17922491e-02</data></R>
<t type_id="opencv-matrix">
  <rows>3</rows>
  <cols>1</cols>
  <dt>f</dt>
  <data>
    -3.26588124e-01 9.98887451e+02 1.75784902e+04</data></t>
<Intrinsics type_id="opencv-matrix">
  <rows>3</rows>
  <cols>3</cols>
  <dt>f</dt>
  <data>
    4.50187988e+03 0. 960. 0. 4.50187988e+03 540. 0. 0. 1.</data></Intrinsics>
</opencv_storage>
