<?xml version="1.0"?>
<opencv_storage>
<P type_id="opencv-matrix">
  <rows>4</rows>
  <cols>4</cols>
  <dt>f</dt>
  <data>
    -4.43808887e+03 1.20497839e+03 4.97618408e+01 16838186.
    -3.53295502e+02 -6.86679993e+02 -4.46371387e+03 13965394.
    -4.56838846e-01 -8.88040006e-01 5.17951474e-02 1.75425488e+04 0. 0.
    0. 1.</data></P>
<RT type_id="opencv-matrix">
  <rows>3</rows>
  <cols>4</cols>
  <dt>f</dt>
  <data>
    -8.89233470e-01 4.57453281e-01 8.55980852e-06 -5.91673851e-01
    -2.37014592e-02 -4.60540801e-02 -9.98657703e-01 9.98821045e+02
    -4.56838846e-01 -8.88040006e-01 5.17951474e-02 1.75425488e+04</data></RT>
<R type_id="opencv-matrix">
  <rows>3</rows>
  <cols>3</cols>
  <dt>f</dt>
  <data>
    -8.89233470e-01 4.57453281e-01 8.55980852e-06 -2.37014592e-02
    -4.60540801e-02 -9.98657703e-01 -4.56838846e-01 -8.88040006e-01
    5.17951474e-02</data></R>
<t type_id="opencv-matrix">
  <rows>3</rows>
  <cols>1</cols>
  <dt>f</dt>
  <data>
    -5.91673851e-01 9.98821045e+02 1.75425488e+04</data></t>
<Intrinsics type_id="opencv-matrix">
  <rows>3</rows>
  <cols>3</cols>
  <dt>f</dt>
  <data>
    4.49772021e+03 0. 960. 0. 4.49772021e+03 540. 0. 0. 1.</data></Intrinsics>
</opencv_storage>
