<?xml version="1.0"?>
<opencv_storage>
<P type_id="opencv-matrix">
  <rows>4</rows>
  <cols>4</cols>
  <dt>f</dt>
  <data>
    -4.59838037e+03 -2.25473694e+02 4.96517334e+01 16910174.
    -1.23627998e+02 -7.61984619e+02 -4.46906250e+03 14011695.
    -1.59874797e-01 -9.85783517e-01 5.16702905e-02 1.76174414e+04 0. 0.
    0. 1.</data></P>
<RT type_id="opencv-matrix">
  <rows>3</rows>
  <cols>4</cols>
  <dt>f</dt>
  <data>
    -9.87101972e-01 1.60089210e-01 1.07159312e-05 -5.70478261e-01
    -8.28242768e-03 -5.10021150e-02 -9.98664081e-01 9.98955444e+02
    -1.59874797e-01 -9.85783517e-01 5.16702905e-02 1.76174414e+04</data></RT>
<R type_id="opencv-matrix">
  <rows>3</rows>
  <cols>3</cols>
  <dt>f</dt>
  <data>
    -9.87101972e-01 1.60089210e-01 1.07159312e-05 -8.28242768e-03
    -5.10021150e-02 -9.98664081e-01 -1.59874797e-01 -9.85783517e-01
    5.16702905e-02</data></R>
<t type_id="opencv-matrix">
  <rows>3</rows>
  <cols>1</cols>
  <dt>f</dt>
  <data>
    -5.70478261e-01 9.98955444e+02 1.76174414e+04</data></t>
<Intrinsics type_id="opencv-matrix">
  <rows>3</rows>
  <cols>3</cols>
  <dt>f</dt>
  <data>
    4.50297998e+03 0. 960. 0. 4.50297998e+03 540. 0. 0. 1.</data></Intrinsics>
</opencv_storage>
