<?xml version="1.0"?>
<opencv_storage>
<P type_id="opencv-matrix">
  <rows>4</rows>
  <cols>4</cols>
  <dt>f</dt>
  <data>
    -4.54612158e+03 -7.04715027e+02 4.94072838e+01 16833976.
    -4.29836121e+01 -7.71393127e+02 -4.46535498e+03 13964823.
    -5.60433492e-02 -9.97080624e-01 5.18548191e-02 1.75388945e+04 0. 0.
    0. 1.</data></P>
<RT type_id="opencv-matrix">
  <rows>3</rows>
  <cols>4</cols>
  <dt>f</dt>
  <data>
    -9.98424113e-01 5.61145507e-02 -8.29762430e-05 -7.47284532e-01
    -2.82708276e-03 -5.17778024e-02 -9.98654544e-01 9.98757629e+02
    -5.60433492e-02 -9.97080624e-01 5.18548191e-02 1.75388945e+04</data></RT>
<R type_id="opencv-matrix">
  <rows>3</rows>
  <cols>3</cols>
  <dt>f</dt>
  <data>
    -9.98424113e-01 5.61145507e-02 -8.29762430e-05 -2.82708276e-03
    -5.17778024e-02 -9.98654544e-01 -5.60433492e-02 -9.97080624e-01
    5.18548191e-02</data></R>
<t type_id="opencv-matrix">
  <rows>3</rows>
  <cols>1</cols>
  <dt>f</dt>
  <data>
    -7.47284532e-01 9.98757629e+02 1.75388945e+04</data></t>
<Intrinsics type_id="opencv-matrix">
  <rows>3</rows>
  <cols>3</cols>
  <dt>f</dt>
  <data>
    4.49941016e+03 0. 960. 0. 4.49941016e+03 540. 0. 0. 1.</data></Intrinsics>
</opencv_storage>
