<?xml version="1.0"?>
<opencv_storage>
<P type_id="opencv-matrix">
  <rows>4</rows>
  <cols>4</cols>
  <dt>f</dt>
  <data>
    -2.51966968e+03 -3.85275366e+03 4.93642998e+01 16861604.
    5.44424805e+02 -5.47857239e+02 -4.46859766e+03 13984261.
    7.03630149e-01 -7.08677173e-01 5.17676435e-02 1.75687520e+04 0. 0.
    0. 1.</data></P>
<RT type_id="opencv-matrix">
  <rows>3</rows>
  <cols>4</cols>
  <dt>f</dt>
  <data>
    -7.09625959e-01 -7.04577506e-01 -7.38774033e-05 -9.76761699e-01
    3.65266465e-02 -3.66836749e-02 -9.98659074e-01 9.98788513e+02
    7.03630149e-01 -7.08677173e-01 5.17676435e-02 1.75687520e+04</data></RT>
<R type_id="opencv-matrix">
  <rows>3</rows>
  <cols>3</cols>
  <dt>f</dt>
  <data>
    -7.09625959e-01 -7.04577506e-01 -7.38774033e-05 3.65266465e-02
    -3.66836749e-02 -9.98659074e-01 7.03630149e-01 -7.08677173e-01
    5.17676435e-02</data></R>
<t type_id="opencv-matrix">
  <rows>3</rows>
  <cols>1</cols>
  <dt>f</dt>
  <data>
    -9.76761699e-01 9.98788513e+02 1.75687520e+04</data></t>
<Intrinsics type_id="opencv-matrix">
  <rows>3</rows>
  <cols>3</cols>
  <dt>f</dt>
  <data>
    4.50258984e+03 0. 960. 0. 4.50258984e+03 540. 0. 0. 1.</data></Intrinsics>
</opencv_storage>
